1510507131.867037057 -0.469319035861
1510507131.888529062 -0.469319035861
1510507131.909060001 -0.469493568786
1510507131.929059028 -0.469493568786
1510507131.949937105 -0.469668101712
1510507131.970149993 -0.469668101712
1510507131.990933895 -0.469668101712
1510507132.10925054 -0.469668101712
1510507132.31757116 -0.469668101712
1510507132.51913022 -0.469493568786
1510507132.73080062 -0.469668101712
1510507132.92940092 -0.469668101712
1510507132.113641023 -0.469668101712
1510507132.134623050 -0.469668101712
1510507132.154723882 -0.469668101712
1510507132.175740003 -0.469668101712
1510507132.195709943 -0.469668101712
1510507132.216698884 -0.469668101712
1510507132.236557006 -0.469668101712
1510507132.257519006 -0.469842634637
1510507132.277870893 -0.469842634637
1510507132.299196958 -0.469668101712
1510507132.320051908 -0.469668101712
1510507132.340161085 -0.469668101712
1510507132.360657930 -0.469842634637
1510507132.380790948 -0.469842634637
1510507132.401602983 -0.469493568786
1510507132.421766042 -0.469493568786
1510507132.442761898 -0.469319035861
1510507132.462694883 -0.469493568786
1510507132.484074115 -0.469668101712
1510507132.504632949 -0.469668101712
1510507132.524678945 -0.469668101712
1510507132.545525074 -0.469668101712
1510507132.566391944 -0.469493568786
1510507132.586286067 -0.469493568786
1510507132.606344938 -0.469668101712
1510507132.627321004 -0.469493568786
1510507132.649636983 -0.469668101712
1510507132.669234037 -0.469493568786
1510507132.689522981 -0.469668101712
1510507132.709757089 -0.469668101712
1510507132.730496883 -0.469842634637
1510507132.751116991 -0.469842634637
1510507132.771434068 -0.469842634637
1510507132.792345046 -0.469842634637
1510507132.812849044 -0.469842634637
1510507132.832391023 -0.469668101712
1510507132.853534936 -0.469668101712
1510507132.874268054 -0.469668101712
1510507132.894495010 -0.469668101712
1510507132.915297985 -0.469668101712
1510507132.936233997 -0.469493568786
1510507132.956321954 -0.469493568786
1510507132.977215051 -0.469668101712
1510507132.997359037 -0.469668101712
1510507133.18224954 -0.469668101712
1510507133.38825988 -0.469668101712
1510507133.59278964 -0.469668101712
1510507133.86071014 -0.469319035861
1510507133.100236892 -0.469319035861
1510507133.120183944 -0.469319035861
1510507133.140964984 -0.469319035861
1510507133.162736892 -0.469319035861
1510507133.182413101 -0.469493568786
1510507133.205147981 -0.469493568786
1510507133.222992897 -0.469319035861
1510507133.243954896 -0.469319035861
1510507133.263941049 -0.469319035861
1510507133.284893989 -0.469144502936
1510507133.305278062 -0.469144502936
1510507133.326217889 -0.469144502936
1510507133.347110033 -0.469319035861
1510507133.367162942 -0.469319035861
1510507133.388257026 -0.469144502936
1510507133.408251047 -0.469144502936
1510507133.429106950 -0.469144502936
1510507133.449404954 -0.469144502936
1510507133.470104932 -0.469144502936
1510507133.490215063 -0.469144502936
1510507133.511113882 -0.468969970011
1510507133.531975984 -0.469144502936
1510507133.552005052 -0.468969970011
1510507133.572926044 -0.468969970011
1510507133.593241930 -0.469144502936
1510507133.613714933 -0.469144502936
1510507133.633714914 -0.469144502936
1510507133.654921054 -0.469319035861
1510507133.675050020 -0.469144502936
1510507133.695687055 -0.469319035861
1510507133.715698003 -0.469319035861
1510507133.736788034 -0.469319035861
1510507133.757702112 -0.469319035861
1510507133.777908086 -0.469144502936
1510507133.800044059 -0.468969970011
1510507133.819154977 -0.468969970011
1510507133.840060949 -0.468969970011
1510507133.859985113 -0.468795437086
1510507133.880918979 -0.468795437086
1510507133.901824951 -0.468795437086
1510507133.922117948 -0.468795437086
1510507133.942744970 -0.468795437086
1510507133.962964057 -0.468969970011
1510507133.983712911 -0.468969970011
1510507134.3968954 -0.468969970011
1510507134.24610042 -0.468969970011
1510507134.44899940 -0.469144502936
1510507134.65968036 -0.469144502936
1510507134.86877107 -0.469144502936
1510507134.106698036 -0.469144502936
1510507134.127597093 -0.469144502936
1510507134.147703886 -0.469144502936
1510507134.168488979 -0.468969970011
1510507134.188548088 -0.468969970011
1510507134.209419965 -0.469144502936
1510507134.229420900 -0.469144502936
1510507134.250473976 -0.469144502936
1510507134.270577907 -0.469144502936
1510507134.291634082 -0.469144502936
1510507134.312375068 -0.469319035861
1510507134.332541942 -0.469319035861
1510507134.353471994 -0.469319035861
1510507134.373598098 -0.469319035861
1510507134.394535064 -0.469319035861
1510507134.414602041 -0.469319035861
1510507134.435430049 -0.469319035861
1510507134.455643892 -0.469493568786
1510507134.476422071 -0.469493568786
1510507134.497379064 -0.469493568786
1510507134.517545938 -0.469493568786
1510507134.538677930 -0.469319035861
1510507134.559478044 -0.469493568786
1510507134.579544067 -0.469319035861
1510507134.604338884 -0.469319035861
1510507134.620497941 -0.469319035861
1510507134.641302108 -0.469493568786
1510507134.661506891 -0.469319035861
1510507134.684524059 -0.469319035861
1510507134.702446937 -0.469493568786
1510507134.723402023 -0.469493568786
1510507134.743434906 -0.469493568786
1510507134.764269113 -0.469493568786
1510507134.784375905 -0.469493568786
1510507134.806890010 -0.469493568786
1510507134.826201915 -0.469493568786
1510507134.846440076 -0.469493568786
1510507134.866940021 -0.469668101712
1510507134.886992931 -0.469842634637
1510507134.908118009 -0.469668101712
1510507134.928184032 -0.469668101712
1510507134.949280023 -0.469493568786
1510507134.969265937 -0.469319035861
1510507134.990312099 -0.469319035861
1510507135.11096000 -0.469144502936
1510507135.31090974 -0.469144502936
1510507135.52119016 -0.468969970011
1510507135.72177886 -0.468969970011
1510507135.93060970 -0.468969970011
1510507135.113954067 -0.468969970011
1510507135.134103059 -0.469144502936
1510507135.154186964 -0.469144502936
1510507135.175045013 -0.469144502936
1510507135.195976018 -0.468969970011
1510507135.215804100 -0.468969970011
1510507135.236788988 -0.468969970011
1510507135.257020950 -0.468969970011
1510507135.277909994 -0.468795437086
1510507135.298270940 -0.468795437086
1510507135.319391012 -0.468795437086
1510507135.339294910 -0.468795437086
1510507135.362230062 -0.468969970011
1510507135.380656003 -0.468795437086
1510507135.400844097 -0.468795437086
1510507135.421690940 -0.468795437086
1510507135.441726922 -0.468795437086
1510507135.462594985 -0.469144502936
1510507135.482889890 -0.469319035861
1510507135.503731012 -0.469842634637
1510507135.523871898 -0.469842634637
1510507135.544804096 -0.469319035861
1510507135.565721988 -0.469668101712
1510507135.586052894 -0.469668101712
1510507135.606781959 -0.469493568786
1510507135.626794099 -0.469493568786
1510507135.648222923 -0.469319035861
1510507135.668186902 -0.469493568786
1510507135.689055919 -0.469319035861
1510507135.709695100 -0.469319035861
1510507135.730087041 -0.469144502936
1510507135.750452995 -0.468969970011
1510507135.770482063 -0.469319035861
1510507135.791367053 -0.469842634637
1510507135.811490058 -0.470540766338
1510507135.832350969 -0.471587963889
1510507135.852399110 -0.472809694365
1510507135.873380899 -0.473856891916
1510507135.893488883 -0.474555023617
1510507135.914397001 -0.474555023617
1510507135.934449911 -0.474380490692
1510507135.955394029 -0.474729556542
1510507135.976404905 -0.475078622393
1510507135.996536016 -0.475427688243
1510507136.17467021 -0.475951287019
1510507136.37416934 -0.475602221168
1510507136.59293031 -0.475427688243
1510507136.80243110 -0.475776754094
1510507136.99276065 -0.475776754094
1510507136.120173931 -0.475253155318
1510507136.140223026 -0.475078622393
1510507136.161189079 -0.475253155318
1510507136.181207895 -0.475951287019
1510507136.202307939 -0.476474885794
1510507136.224055051 -0.476300352869
1510507136.243273019 -0.476125819944
1510507136.265125036 -0.476125819944
1510507136.285259962 -0.475951287019
1510507136.305871963 -0.475602221168
1510507136.325221061 -0.475602221168
1510507136.346178054 -0.475427688243
1510507136.367265939 -0.475253155318
1510507136.387207031 -0.475253155318
1510507136.407390117 -0.475078622393
1510507136.428157091 -0.474904089468
1510507136.449238061 -0.474904089468
1510507136.469353914 -0.474729556542
1510507136.490112066 -0.474555023617
1510507136.510174989 -0.474380490692
1510507136.531208992 -0.474380490692
1510507136.552020072 -0.474205957767
1510507136.572088956 -0.474205957767
1510507136.593168973 -0.474031424842
1510507136.613414049 -0.474205957767
1510507136.633936882 -0.474205957767
1510507136.654000043 -0.474205957767
1510507136.674995899 -0.474205957767
1510507136.695188999 -0.474205957767
1510507136.716177940 -0.474205957767
1510507136.736980915 -0.474031424842
1510507136.757149934 -0.473856891916
1510507136.778218984 -0.473856891916
1510507136.798285961 -0.473856891916
1510507136.819530963 -0.473682358991
1510507136.839211940 -0.473507826066
1510507136.859920978 -0.473507826066
1510507136.879908084 -0.473507826066
1510507136.900856971 -0.473333293141
1510507136.922159910 -0.473158760216
1510507136.942127943 -0.47298422729
1510507136.962817907 -0.47298422729
1510507136.982980012 -0.473158760216
1510507137.3772974 -0.47298422729
1510507137.23860931 -0.47298422729
1510507137.44847965 -0.47298422729
1510507137.64899921 -0.472809694365
1510507137.85750102 -0.47298422729
1510507137.105756998 -0.472809694365
1510507137.126677989 -0.47228609559
1510507137.147088050 -0.471238898038
1510507137.167973041 -0.471064365113
1510507137.188838958 -0.473158760216
1510507137.209520101 -0.477871149196
1510507137.229706048 -0.486597795456
1510507137.250447988 -0.492880980763
1510507137.270735979 -0.498640567295
1510507137.292788982 -0.507716279405
1510507137.311820030 -0.517839189067
1510507137.332535982 -0.525518637775
1510507137.352649927 -0.537212343764
1510507137.373667001 -0.54681165465
1510507137.393753051 -0.557981761863
1510507137.413827896 -0.571071731253
1510507137.435507059 -0.583638101867
1510507137.455576896 -0.593062879828
1510507137.476516962 -0.601614993162
1510507137.496686935 -0.610690705273
1510507137.517584085 -0.616101225954
1510507137.537667036 -0.625002405139
1510507137.558859109 -0.632856386773
1510507137.583045959 -0.637219709903
1510507137.599773883 -0.643851961061
1510507137.620942115 -0.651007810994
1510507137.640383005 -0.653625804872
1510507137.661323070 -0.654673002423
1510507137.681973934 -0.659559924329
1510507137.702302932 -0.663574181608
1510507137.722383975 -0.666541241337
1510507137.743294954 -0.666541241337
1510507137.764256954 -0.665843109636
1510507137.784284114 -0.667937504738
1510507137.805891036 -0.669508301065
1510507137.825364112 -0.671079097392
1510507137.846237897 -0.671428163242
1510507137.866362094 -0.670555498616
1510507137.887233018 -0.667064840112
1510507137.907569885 -0.662876049907
1510507137.928217887 -0.658338193852
1510507137.948729038 -0.653102206096
1510507137.969187974 -0.648040751265
1510507137.990144014 -0.64280476351
1510507138.10143041 -0.637219709903
1510507138.31121969 -0.631983722147
1510507138.51176071 -0.62570053684
1510507138.72137117 -0.619766417383
1510507138.92072010 -0.613483232076
1510507138.113107919 -0.60824724432
1510507138.134010076 -0.602836723639
1510507138.154037952 -0.597600735883
1510507138.175012111 -0.591841149351
1510507138.195319890 -0.587477826221
1510507138.216134071 -0.584859832343
1510507138.236370086 -0.581892772615
1510507138.257226943 -0.578751179961
1510507138.277324914 -0.576307719009
1510507138.298405885 -0.57334065928
1510507138.318523883 -0.570722665402
1510507138.339485883 -0.568104671524
1510507138.360131025 -0.565835743497
1510507138.380299091 -0.563566815469
1510507138.401258945 -0.561123354516
1510507138.422178030 -0.558679893563
1510507138.442393064 -0.556410965536
1510507138.462469100 -0.554316570433
1510507138.483206987 -0.552047642406
1510507138.504266023 -0.550127780229
1510507138.524175882 -0.548207918051
1510507138.544785022 -0.546462588799
1510507138.564845085 -0.544542726622
1510507138.586132049 -0.543146463221
1510507138.606267929 -0.541401133969
1510507138.627131938 -0.539655804717
1510507138.648448944 -0.537910475465
1510507138.667764902 -0.536514212063
1510507138.688774108 -0.535117948661
1510507138.708806991 -0.533547152335
1510507138.730007886 -0.532150888933
1510507138.750169038 -0.530580092606
1510507138.770651102 -0.52935836213
1510507138.790792942 -0.528136631653
1510507138.812025070 -0.526740368252
1510507138.831939935 -0.525518637775
1510507138.852804899 -0.524471440224
1510507138.876784086 -0.523424242673
1510507138.893934011 -0.522202512197
1510507138.914757966 -0.52098078172
1510507138.934689044 -0.519933584169
1510507138.955671072 -0.518886386618
1510507138.975583076 -0.517839189067
1510507138.996572971 -0.516966524441
1510507139.16613006 -0.516093859815
1510507139.37717103 -0.515046662264
1510507139.58598041 -0.514173997638
1510507139.78596115 -0.513301333012
1510507139.99502086 -0.512428668386
1510507139.119653940 -0.511381470834
1510507139.140882015 -0.510508806208
1510507139.160968065 -0.509810674508
1510507139.181715011 -0.508938009882
1510507139.201781988 -0.508239878181
1510507139.222625970 -0.507367213555
1510507139.243591070 -0.506494548929
1510507139.263720035 -0.505796417228
1510507139.284528970 -0.504923752602
1510507139.304670095 -0.504225620901
1510507139.325637102 -0.5035274892
1510507139.345566987 -0.5028293575
1510507139.366523027 -0.502131225799
1510507139.386730909 -0.501607627023
1510507139.407583951 -0.501084028248
1510507139.428476095 -0.500385896547
1510507139.448604106 -0.499862297771
1510507139.469268083 -0.49916416607
1510507139.489989995 -0.498291501444
1510507139.511440992 -0.497942435594
1510507139.530440092 -0.49846603437
1510507139.552392005 -0.499338698996
1510507139.571557044 -0.502131225799
1510507139.592978000 -0.505970950153
1510507139.613178968 -0.510683339134
1510507139.633209943 -0.514348530563
1510507139.653362989 -0.51626839274
1510507139.674237012 -0.516966524441
1510507139.695147991 -0.522551578047
1510507139.715404033 -0.529009296279
1510507139.736253023 -0.531278224307
1510507139.756449937 -0.534943415736
1510507139.777368068 -0.541226601043
1510507139.798645973 -0.543844594921
1510507139.818572998 -0.550302313154
1510507139.839349985 -0.553443905807
1510507139.859316110 -0.557283630162
1510507139.880124092 -0.56461401302
1510507139.900331974 -0.569500934926
1510507139.921281099 -0.575958653158
1510507139.941029071 -0.578402114111
1510507139.961968898 -0.58171823969
1510507139.983340024 -0.586605161595
1510507140.3061056 -0.589223155473
1510507140.23930072 -0.59550634078
1510507140.44533014 -0.597775268808
1510507140.65799951 -0.601265927312
1510507140.84992885 -0.606850980918
1510507140.105848073 -0.609119908946
1510507140.125936031 -0.614006830852
1510507140.146852016 -0.617497489356
1510507140.166867971 -0.617672022281
1510507140.187925100 -0.621860812486
1510507140.208877086 -0.623955207588
1510507140.228934049 -0.621860812486
1510507140.249982118 -0.622384411261
1510507140.270848989 -0.62168627956
1510507140.290844917 -0.617148423505
1510507140.311773061 -0.615752160104
1510507140.331871032 -0.614879495478
1510507140.352783918 -0.610341639422
1510507140.373884916 -0.607723645544
1510507140.395129919 -0.605454717517
1510507140.414735078 -0.600916861462
1510507140.434729099 -0.597600735883
1510507140.455651998 -0.597600735883
1510507140.475754022 -0.594633676154
1510507140.496630907 -0.589746754249
1510507140.516663074 -0.587652359146
1510507140.537594079 -0.583812634792
1510507140.557634115 -0.576831317784
1510507140.578624963 -0.570199066627
1510507140.599658012 -0.567057473973
1510507140.619671106 -0.561123354516
1510507140.640651941 -0.553967504583
1510507140.660768985 -0.5471607205
1510507140.681853055 -0.538957673016
1510507140.701560020 -0.534594349886
1510507140.722605943 -0.532150888933
1510507140.743645906 -0.526391302401
1510507140.765536069 -0.519759051244
1510507140.784596920 -0.514523063488
1510507140.804861068 -0.513126800086
1510507140.825747966 -0.510159740358
1510507140.847161054 -0.504749219677
1510507140.866682052 -0.497418836818
1510507140.887602090 -0.496895238043
1510507140.907736063 -0.497244303893
1510507140.928725004 -0.496197106342
1510507140.948744058 -0.495149908791
1510507140.969885110 -0.493753645389
1510507140.990674972 -0.489215789334
1510507141.10461091 -0.484503400354
1510507141.31874895 -0.480140077224
1510507141.51372051 -0.47664941872
1510507141.72510004 -0.474031424842
1510507141.92768907 -0.474555023617
1510507141.114465951 -0.475078622393
1510507141.133714914 -0.47734755042
1510507141.154618978 -0.479791011373
1510507141.174608945 -0.482409005251
1510507141.195386886 -0.485026999129
1510507141.215606927 -0.487644993007
1510507141.237082004 -0.490786585661
1510507141.256614923 -0.493928178314
1510507141.277225017 -0.491659250287
1510507141.297362089 -0.489041256409
1510507141.318373918 -0.486772328381
1510507141.340887069 -0.483456202802
1510507141.359278917 -0.480140077224
1510507141.380171060 -0.476474885794
1510507141.400902986 -0.473507826066
1510507141.421152114 -0.471413430964
1510507141.441489934 -0.47263516144
1510507141.463232994 -0.474729556542
1510507141.482376098 -0.477173017495
1510507141.503140926 -0.479616478448
1510507141.524058103 -0.479092879672
1510507141.544333934 -0.475602221168
1510507141.564050912 -0.471238898038
1510507141.585047006 -0.467399173684
1510507141.606087923 -0.464083048105
1510507141.626122951 -0.465130245656
1510507141.647169113 -0.466701041983
1510507141.667263984 -0.465304778582
1510507141.689687967 -0.460766922527
1510507141.708352088 -0.455007335995
1510507141.730084896 -0.452912940893
1510507141.749924898 -0.453960138444
1510507141.770370006 -0.454658270145
1510507141.791413068 -0.45081854579
1510507141.814907073 -0.445408025109
1510507141.831847906 -0.44174283368
1510507141.851960897 -0.441393767829
1510507141.872855901 -0.442615498306
1510507141.892937898 -0.438077642251
1510507141.914385080 -0.432492588644
1510507141.934921026 -0.427605666739
1510507141.955168008 -0.427431133813
1510507141.975871086 -0.427605666739
1510507141.995927095 -0.425685804561
1510507142.17451047 -0.419053553404
1510507142.37233114 -0.415039296124
1510507142.57899951 -0.414515697349
1510507142.78007936 -0.412421302246
1510507142.98881959 -0.408756110817
1510507142.119692087 -0.401076662108
1510507142.139714002 -0.401251195033
1510507142.160648107 -0.402298392585
1510507142.180732011 -0.400378530407
1510507142.201683998 -0.395142542652
1510507142.222229003 -0.390779219522
1510507142.242716073 -0.392000949998
1510507142.263653039 -0.392873614624
1510507142.283760070 -0.387463093943
1510507142.309026002 -0.380481776935
1510507142.324706077 -0.380132711084
1510507142.345757007 -0.381703507411
1510507142.365641117 -0.379609112309
1510507142.386578083 -0.372627795301
1510507142.406892061 -0.367391807545
1510507142.427577018 -0.368962603872
1510507142.448757886 -0.370009801423
1510507142.468755006 -0.365122879517
1510507142.489487886 -0.361283155163
1510507142.509723901 -0.362330352714
1510507142.530884981 -0.364075681966
1510507142.550689935 -0.36355208319
1510507142.571584939 -0.357094364958
1510507142.592700958 -0.35918876006
1510507142.612672090 -0.362504885639
1510507142.632812976 -0.361632221013
1510507142.653767108 -0.357443430808
1510507142.674717903 -0.35447637108
1510507142.694853067 -0.356919832033
1510507142.715662002 -0.359537825911
1510507142.736716032 -0.355698101556
1510507142.756510972 -0.349414916249
1510507142.776573896 -0.351160245501
1510507142.797488927 -0.35447637108
1510507142.819252967 -0.35447637108
1510507142.839622020 -0.349065850399
1510507142.859951972 -0.347320521147
1510507142.879700899 -0.351858377202
1510507142.902179956 -0.355698101556
1510507142.921246051 -0.353080107678
1510507142.942054033 -0.351858377202
1510507142.962184906 -0.355349035706
1510507142.982255935 -0.359014227135
1510507143.3211975 -0.359886891761
1510507143.23377895 -0.355349035706
1510507143.44213056 -0.354301838155
1510507143.64374923 -0.35849062836
1510507143.85449934 -0.359712358836
1510507143.105479955 -0.357443430808
1510507143.126254081 -0.355349035706
1510507143.147278070 -0.357268897883
1510507143.167267084 -0.362155819789
1510507143.188730955 -0.359537825911
1510507143.208612918 -0.355523568631
1510507143.229762077 -0.355349035706
1510507143.249234914 -0.360235957612
1510507143.270144939 -0.362330352714
1510507143.291035890 -0.359363292986
1510507143.311208963 -0.354301838155
1510507143.332004070 -0.358665161285
1510507143.352483987 -0.363377550265
1510507143.372996091 -0.363901149041
1510507143.394013881 -0.364773813667
1510507143.414067983 -0.366170077068
1510507143.435054063 -0.36355208319
1510507143.455090999 -0.360410490537
1510507143.476103067 -0.357617963734
1510507143.496176958 -0.355174502781
1510507143.517030954 -0.359537825911
1510507143.538033008 -0.363377550265
1510507143.558811902 -0.366868208769
1510507143.581357955 -0.368788070946
1510507143.599395036 -0.369137136797
1510507143.620594978 -0.367740873395
1510507143.639879941 -0.366344609994
1510507143.660845994 -0.365471945368
1510507143.680907964 -0.364599280742
1510507143.702469110 -0.364250214891
1510507143.721832990 -0.364250214891
1510507143.742733955 -0.364075681966
1510507143.762919902 -0.364075681966
1510507143.783771991 -0.364599280742
1510507143.803910017 -0.365122879517
1510507143.824748992 -0.365821011218
1510507143.844819068 -0.366868208769
1510507143.865667104 -0.36791540632
1510507143.885919094 -0.369137136797
1510507143.906766891 -0.370707933124
1510507143.926827907 -0.372104196525
1510507143.947725057 -0.373674992852
1510507143.969125032 -0.375071256254
1510507143.989128112 -0.376816585506
1510507144.9789943 -0.378561914758
1510507144.31738996 -0.38030724401
1510507144.50952911 -0.382227106187
1510507144.72928905 -0.383972435439
1510507144.91963052 -0.385717764691
1510507144.113425970 -0.387986692718
1510507144.134061098 -0.389557489045
1510507144.153877973 -0.391477351222
1510507144.174693107 -0.393222680474
1510507144.194606065 -0.392000949998
1510507144.214606046 -0.394269878026
1510507144.235496997 -0.397236937754
1510507144.256505966 -0.401774793809
1510507144.276529073 -0.407534380341
1510507144.296550035 -0.412944901022
1510507144.317509889 -0.419228086329
1510507144.338685989 -0.422544211908
1510507144.358540058 -0.424813139935
1510507144.379542112 -0.424464074085
1510507144.399688959 -0.422544211908
1510507144.420650005 -0.418180888778
1510507144.441258907 -0.415388361975
1510507144.462199926 -0.413992098573
1510507144.482402086 -0.418529954628
1510507144.502377986 -0.423067810683
1510507144.523344039 -0.42463860701
1510507144.543530941 -0.424115008235
1510507144.564538955 -0.419402619254
1510507144.584548950 -0.415737427825
1510507144.605457067 -0.415737427825
1510507144.626403093 -0.419577152179
1510507144.646497964 -0.421846080207
1510507144.666403055 -0.418180888778
1510507144.687426090 -0.410675972994
1510507144.708311080 -0.405439985238
1510507144.728362083 -0.40718531449
1510507144.749310970 -0.409279709593
1510507144.770253896 -0.406487182789
1510507144.790205955 -0.401949326734
1510507144.811872005 -0.393920812175
1510507144.831162929 -0.392873614624
1510507144.852215051 -0.3933972134
1510507144.872172117 -0.390604686596
1510507144.892280101 -0.383797902514
1510507144.913209915 -0.373849525777
1510507144.934161901 -0.371056998974
1510507144.954183101 -0.370358867273
1510507144.975425958 -0.367042741694
1510507144.995373010 -0.360410490537
1510507145.16518115 -0.350287580875
1510507145.36993980 -0.348716784548
1510507145.57075023 -0.348716784548
1510507145.78789949 -0.343829862643
1510507145.98957061 -0.335626815159
1510507145.125052928 -0.326202037198
1510507145.140765905 -0.299149433792
1510507145.168185949 -0.296880505764
1510507145.180505990 -0.28867745828
1510507145.202200889 -0.276809219366
1510507145.221932888 -0.27157323161
1510507145.242086887 -0.268257106032
1510507145.262923955 -0.263195651201
1510507145.283056020 -0.249931148886
1510507145.304069995 -0.23631758072
1510507145.328784942 -0.229336263712
1510507145.345046043 -0.225671072283
1510507145.365962028 -0.215722695546
1510507145.386152029 -0.201236462755
1510507145.407794952 -0.185877565337
1510507145.427221059 -0.180467044656
1510507145.447937965 -0.173834793499
1510507145.468508958 -0.16214108751
1510507145.489896059 -0.144164196215
1510507145.509768962 -0.130201562199
1510507145.532326936 -0.121649448864
1510507145.550786018 -0.112922802604
1510507145.571185111 -0.0963421747101
1510507145.591810941 -0.0778416846389
1510507145.612878084 -0.0616101225954
1510507145.633519887 -0.0520108117094
1510507145.652870893 -0.0399680398707
1510507145.673825025 -0.0221656815003
1510507145.693890094 -0.0013962634016
1510507145.714916944 0.0123918376892
1510507145.737114906 0.0244346095279
1510507145.755831003 0.0389208423195
1510507145.776892900 0.0602138591938
1510507145.797708988 0.0815068760681
1510507145.817931890 0.0933751149817
1510507145.838728904 0.106988683147
1510507145.859494924 0.123918376892
1510507145.879703998 0.14398966329
1510507145.899730920 0.164410015538
1510507145.920808076 0.177499984928
1510507145.941637992 0.18797196044
1510507145.961643934 0.197920337176
1510507145.981686115 0.213104701669
1510507146.3833055 0.230208928338
1510507146.23984909 0.247313155008
1510507146.44483900 0.264068315827
1510507146.64733028 0.279427213244
1510507146.85536956 0.289899188756
1510507146.105683088 0.298974900867
1510507146.126475095 0.307701547127
1510507146.146706104 0.315904594611
1510507146.167326927 0.323758576245
1510507146.187383890 0.330914426178
1510507146.207446098 0.338419341962
1510507146.228472948 0.34609879067
1510507146.249500036 0.353080107678
1510507146.270061969 0.360759556387
1510507146.290755033 0.368788070946
1510507146.312320947 0.377689250132
1510507146.331955909 0.385892297616
1510507146.352319002 0.394618943876
1510507146.373215913 0.402123859659
1510507146.393335103 0.409279709593
1510507146.413373947 0.413293966872
1510507146.434341907 0.414690230274
1510507146.454483985 0.415213829049
1510507146.475271940 0.415039296124
1510507146.495527982 0.413817565648
1510507146.516278028 0.414166631498
1510507146.539128065 0.415213829049
1510507146.557219982 0.416784625376
1510507146.577305078 0.422369678983
1510507146.598175048 0.430572726467
1510507146.619131088 0.441044701979
1510507146.639331102 0.453436539668
1510507146.660959959 0.46390851518
1510507146.680222988 0.465479311507
1510507146.701519966 0.465828377357
1510507146.721415996 0.465479311507
1510507146.742140054 0.466875574908
1510507146.763055086 0.474031424842
1510507146.784080982 0.487121394232
1510507146.803973913 0.498116968519
1510507146.824058055 0.500734962397
1510507146.845051050 0.499687764846
1510507146.865984916 0.498640567295
1510507146.886115074 0.504051087976
1510507146.908421039 0.51190506961
1510507146.927864074 0.522377045122
1510507146.949498891 0.530754625531
1510507146.968061923 0.528485697504
1510507146.988929986 0.524645973149
1510507147.10188102 0.525867703626
1510507147.30169963 0.534419816961
1510507147.50976037 0.544368193697
1510507147.71053981 0.547509786351
1510507147.91269969 0.544368193697
1510507147.114058971 0.541401133969
1510507147.133019924 0.544542726622
1510507147.153178930 0.550476846079
1510507147.173978090 0.557981761863
1510507147.193999052 0.563915881319
1510507147.214845895 0.560599755741
1510507147.235107898 0.559203492339
1510507147.255876064 0.561821486217
1510507147.277127981 0.571071731253
1510507147.296804904 0.578227581186
1510507147.317975044 0.573689725131
1510507147.342065095 0.567581072749
1510507147.358908891 0.565486677646
1510507147.379173040 0.571420797103
1510507147.399966955 0.579798377513
1510507147.421505928 0.576831317784
1510507147.440949916 0.571595330028
1510507147.461787939 0.568104671524
1510507147.481924057 0.571769862953
1510507147.502840995 0.578576647036
1510507147.523730993 0.58206730554
1510507147.547211885 0.57735491656
1510507147.564634084 0.570897198327
1510507147.586096048 0.571246264178
1510507147.605923891 0.574562389757
1510507147.626112937 0.580321976288
1510507147.646707057 0.584859832343
1510507147.666795969 0.580321976288
1510507147.687655925 0.575435054383
1510507147.708693027 0.576307719009
1510507147.729602098 0.584685299418
1510507147.749315977 0.59114301765
1510507147.769886970 0.587826892072
1510507147.790519952 0.583987167717
1510507147.810723066 0.582765437241
1510507147.831526041 0.588874089623
1510507147.851526021 0.597426202958
1510507147.872632026 0.596553538332
1510507147.893707990 0.592888346902
1510507147.913347959 0.590968484725
1510507147.934333086 0.595331807855
1510507147.954416990 0.60353485534
1510507147.975300073 0.605280184592
1510507147.996342897 0.602313124863
1510507148.16360998 0.59917153221
1510507148.36514997 0.598996999284
1510507148.57431936 0.604931118741
1510507148.79212903 0.610865238198
1510507148.98951101 0.611912435749
1510507148.118740081 0.608072711395
1510507148.139972925 0.605105651666
1510507148.160181999 0.607723645544
1510507148.180350065 0.615752160104
1510507148.201550960 0.62168627956
1510507148.221538066 0.619068285682
1510507148.242213010 0.614530429627
1510507148.263158082 0.612086968674
1510507148.283401012 0.616101225954
1510507148.303318023 0.622384411261
1510507148.324143886 0.627620399017
1510507148.345148086 0.625176938064
1510507148.365147113 0.619242818608
1510507148.386128902 0.617148423505
1510507148.406435966 0.619417351533
1510507148.427109003 0.624129740513
1510507148.448355913 0.627969464868
1510507148.468274116 0.623955207588
1510507148.489510059 0.618195621056
1510507148.509541988 0.61697389058
1510507148.529117107 0.622384411261
1510507148.550117969 0.625875069765
1510507148.571240901 0.621511746635
1510507148.591125011 0.61662482473
1510507148.612030982 0.6129596333
1510507148.632122039 0.615752160104
1510507148.653249025 0.622209878336
1510507148.675287961 0.620115483234
1510507148.694005012 0.614530429627
1510507148.714909076 0.611039771123
1510507148.735071897 0.613134166226
1510507148.756601095 0.617672022281
1510507148.776892900 0.618893752757
1510507148.797533035 0.613657765001
1510507148.817037105 0.608072711395
1510507148.838280916 0.604756585816
1510507148.857893943 0.607374579694
1510507148.878854036 0.609643507722
1510507148.899729967 0.606676447993
1510507148.919847011 0.600393262686
1510507148.940855979 0.596553538332
1510507148.961806058 0.598647933434
1510507148.981826066 0.602487657788
1510507149.2827882 0.603011256564
1510507149.22811889 0.598124334658
1510507149.42927026 0.594284610304
1510507149.64146995 0.596902604182
1510507149.84758043 0.601964059013
1510507149.105714082 0.604756585816
1510507149.125778913 0.600567795611
1510507149.145801067 0.596902604182
1510507149.166759967 0.600393262686
1510507149.187602043 0.606501915068
1510507149.207720994 0.609818040647
1510507149.228765964 0.605280184592
1510507149.249459981 0.601789526088
1510507149.269726037 0.604407519966
1510507149.290570020 0.610341639422
1510507149.310806035 0.613832297926
1510507149.331509113 0.608945376021
1510507149.351746082 0.602836723639
1510507149.372535943 0.599695130985
1510507149.394118070 0.597077137107
1510507149.413502931 0.598298867584
1510507149.434489011 0.602138591938
1510507149.454613924 0.606327382143
1510507149.475492000 0.609643507722
1510507149.495976924 0.612785100375
1510507149.516823053 0.614879495478
1510507149.536648035 0.61662482473
1510507149.558988094 0.618370153982
1510507149.577549934 0.618893752757
1510507149.597687005 0.620115483234
1510507149.618454933 0.621511746635
1510507149.639370918 0.622908010037
1510507149.659646034 0.624478806364
1510507149.680412054 0.62570053684
1510507149.701369047 0.626573201466
1510507149.721529006 0.627271333167
1510507149.742330074 0.627794931942
1510507149.762357950 0.627794931942
1510507149.782417058 0.627794931942
1510507149.803469896 0.627969464868
1510507149.824253082 0.627969464868
1510507149.844402074 0.628143997793
1510507149.865344047 0.628143997793
1510507149.886241912 0.627969464868
1510507149.906323909 0.627445866092
1510507149.927381038 0.626922267316
1510507149.947175025 0.626398668541
1510507149.968174934 0.62604960269
1510507149.989911079 0.625526003915
1510507150.9156942 0.625526003915
1510507150.30488014 0.624827872214
1510507150.50194978 0.624304273438
1510507150.72356939 0.623606141738
1510507150.91316938 0.622558944186
1510507150.112535953 0.62168627956
1510507150.132065057 0.618719219832
1510507150.153004884 0.615054028403
1510507150.173100948 0.60824724432
1510507150.194004058 0.59986966391
1510507150.214190006 0.591666616426
1510507150.234977006 0.583638101867
1510507150.255036115 0.576831317784
1510507150.276062965 0.571420797103
1510507150.296767950 0.567581072749
1510507150.317164897 0.567930138599
1510507150.338107109 0.570024533701
1510507150.358062028 0.575260521457
1510507150.379036903 0.578576647036
1510507150.399293899 0.577180383635
1510507150.420443058 0.572293461729
1510507150.441154956 0.567057473973
1510507150.460933923 0.56461401302
1510507150.480947017 0.567755605674
1510507150.501893997 0.574213323906
1510507150.522038936 0.578402114111
1510507150.543132066 0.576307719009
1510507150.564152956 0.571420797103
1510507150.584005117 0.568104671524
1510507150.605472087 0.571246264178
1510507150.624886989 0.578751179961
1510507150.645840883 0.583463568942
1510507150.666961908 0.579100245812
1510507150.686903953 0.574387856831
1510507150.709076881 0.574387856831
1510507150.728136062 0.581194640914
1510507150.748863935 0.586954227446
1510507150.769651889 0.584685299418
1510507150.789731979 0.580671042139
1510507150.810646057 0.579274778737
1510507150.830670118 0.583289036017
1510507150.851720094 0.587652359146
1510507150.871717929 0.583114503091
1510507150.892638921 0.574911455607
1510507150.912635087 0.567755605674
1510507150.933631896 0.568279204449
1510507150.953704118 0.570722665402
1510507150.974615097 0.56426494717
1510507150.994954109 0.556061899685
1510507151.16132116 0.55117497778
1510507151.36519050 0.55117497778
1510507151.56560993 0.553269372882
1510507151.77478885 0.546462588799
1510507151.98543882 0.53808500839
1510507151.118741989 0.537735942539
1510507151.138828992 0.541052068118
1510507151.159703016 0.543495529071
1510507151.180537939 0.537386876689
1510507151.200799942 0.530405559681
1510507151.222150087 0.527089434102
1510507151.243634939 0.527613032878
1510507151.262450933 0.531801823083
1510507151.283435106 0.536688744988
1510507151.303466081 0.541924732744
1510507151.324367046 0.540528469343
1510507151.344408035 0.541924732744
1510507151.365366935 0.543495529071
1510507151.385411024 0.544019127847
1510507151.406321048 0.54279739737
1510507151.427272081 0.541401133969
1510507151.447364091 0.540877535193
1510507151.468384981 0.539481271791
1510507151.488404035 0.537386876689
1510507151.509684085 0.535816080362
1510507151.529567003 0.533372619409
1510507151.550242900 0.531452757232
1510507151.570266962 0.52970742798
1510507151.590521097 0.527089434102
1510507151.611402034 0.524820506075
1510507151.633162021 0.522377045122
1510507151.652381896 0.519759051244
1510507151.673316001 0.517664656142
1510507151.693398952 0.515046662264
1510507151.714354991 0.512777734236
1510507151.735361099 0.510334273283
1510507151.755490064 0.508239878181
1510507151.776243925 0.505621884303
1510507151.796766996 0.50317842335
1510507151.817414999 0.500385896547
1510507151.838443994 0.497767902669
1510507151.858572959 0.495149908791
1510507151.879436016 0.492531914913
1510507151.899332046 0.48973938811
1510507151.920015096 0.487295927157
1510507151.941003084 0.484852466204
1510507151.961230039 0.482583538176
1510507151.982997894 0.480663675999
1510507152.2075910 0.478743813822
1510507152.24064064 0.479092879672
1510507152.43034076 0.480489143074
1510507152.66207885 0.483281669877
1510507152.84336996 0.487121394232
1510507152.104906082 0.492880980763
1510507152.125040054 0.501258561173
1510507152.144911050 0.508588944031
1510507152.166193962 0.517141057366
1510507152.186847925 0.521853446346
1510507152.206911087 0.520108117094
1510507152.228625059 0.517490123216
1510507152.249001026 0.517839189067
1510507152.270211935 0.523249709748
1510507152.290050029 0.530580092606
1510507152.310498952 0.539306738866
1510507152.330899000 0.539655804717
1510507152.351773023 0.538783140091
1510507152.371767997 0.539655804717
1510507152.391859054 0.545415391248
1510507152.412723064 0.555014702134
1510507152.433708906 0.565137611796
1510507152.453736066 0.56461401302
1510507152.474700927 0.567232006898
1510507152.495076894 0.574562389757
1510507152.515788078 0.58608156282
1510507152.535767078 0.589048622548
1510507152.556761026 0.590095820099
1510507152.576819896 0.599346065135
1510507152.597773075 0.611737902824
1510507152.618038892 0.612785100375
1510507152.639746904 0.611039771123
1510507152.658832073 0.618893752757
1510507152.680263042 0.628493063643
1510507152.700994968 0.627794931942
1510507152.720655918 0.63006385997
1510507152.741576910 0.637917841604
1510507152.761667966 0.642455697659
1510507152.782630920 0.641757565958
1510507152.802881956 0.646644487864
1510507152.823612928 0.656941930451
1510507152.844979047 0.658512726777
1510507152.865185022 0.659559924329
1510507152.885466098 0.666715774262
1510507152.905536890 0.675442420522
1510507152.926564931 0.674744288821
1510507152.946584939 0.679631210727
1510507152.967531919 0.689055988687
1510507152.991767883 0.686437994809
1510507153.8594036 0.688357856987
1510507153.29689073 0.699004365424
1510507153.49803972 0.697433569097
1510507153.70954084 0.696909970321
1510507153.91407060 0.703018622703
1510507153.111392974 0.707731011684
1510507153.131441116 0.705636616581
1510507153.152625083 0.709825406786
1510507153.173613071 0.720646448148
1510507153.193589925 0.720995513999
1510507153.214591979 0.720471915223
1510507153.236162900 0.727278699306
1510507153.255330085 0.734434549239
1510507153.276285886 0.732514687062
1510507153.296356916 0.736528944342
1510507153.317981958 0.747524518629
1510507153.337318897 0.744731991826
1510507153.358218908 0.746128255228
1510507153.379383087 0.75660023074
1510507153.399843931 0.754854901488
1510507153.419737100 0.753807703936
1510507153.440336942 0.759916356318
1510507153.460298061 0.766199541626
1510507153.481519937 0.763407014822
1510507153.501425981 0.769341134279
1510507153.522738933 0.785223630472
1510507153.543114900 0.784874564622
1510507153.563119888 0.784350965846
1510507153.584034919 0.792728546256
1510507153.604084968 0.803025988843
1510507153.625135898 0.801106126665
1510507153.645096063 0.805993048571
1510507153.666086912 0.823969939867
1510507153.687341928 0.827635131296
1510507153.707082986 0.828333262997
1510507153.728389978 0.845088423816
1510507153.748256921 0.859574656607
1510507153.769211053 0.861494518784
1510507153.789180040 0.871791961371
1510507153.810894966 0.895528439198
1510507153.830378055 0.906698546411
1510507153.850965976 0.912981731718
1510507153.871972084 0.937416341246
1510507153.892045021 0.955393232542
1510507153.912009954 0.95801122642
1510507153.933927059 0.971275728735
1510507153.954072952 0.996932068739
1510507153.973977088 1.00059726017
1510507153.994914054 1.01141830153
1510507154.15883922 1.04021623419
1510507154.35888910 1.06552350834
1510507154.56761026 1.07163216072
1510507154.76860904 1.09868476413
1510507154.98072052 1.12940255897
1510507154.117856979 1.13411494795
1510507154.138741016 1.15139370754
1510507154.160398006 1.18193696945
1510507154.180016994 1.19293254374
1510507154.199894905 1.2044517168
1510507154.221434116 1.23621670919
1510507154.241828918 1.26763263572
1510507154.262649059 1.26902889913
1510507154.282704114 1.28805298797
1510507154.302807092 1.32121424376
1510507154.323676109 1.34704511669
1510507154.343745946 1.36414934336
1510507154.364650011 1.39591433575
1510507154.385649919 1.42698119643
1510507154.405683994 1.4440854231
1510507154.426842927 1.47550134964
1510507154.447648048 1.50691727617
1510507154.467627048 1.51843644924
1510507154.487694978 1.54793251359
1510507154.509167909 1.57830124258
1510507154.528877019 1.59523093632
1510507154.549601078 1.62577419823
1510507154.570528030 1.65823732232
1510507154.590661048 1.68616259035
1510507154.611655950 1.70344134995
1510507154.632606029 1.73485727648
1510507154.652462005 1.76766946642
1510507154.673407077 1.78808981867
1510507154.693635940 1.80990643432
1510507154.713696956 1.84149689378
1510507154.735414981 1.87273828739
1510507154.757002115 1.89333317256
1510507154.775640010 1.92649442835
1510507154.796662092 1.95738675611
1510507154.816685914 1.97990150346
1510507154.837939977 2.00730317272
1510507154.858426094 2.03959176388
1510507154.879240036 2.06228104416
1510507154.899395942 2.08846098294
1510507154.919538974 2.11970237655
1510507154.940314054 2.14902390798
1510507154.961786985 2.17345851751
1510507154.981199979 2.20330364772
1510507155.2176046 2.2322761133
1510507155.22237062 2.25409272895
1510507155.43170928 2.28062173358
1510507155.63231945 2.30715073821
1510507155.84151029 2.33228347944
1510507155.104243040 2.35392556216
1510507155.125144958 2.37993096802
1510507155.145176887 2.40296931415
1510507155.166105031 2.42286606762
1510507155.186172008 2.44712614422
1510507155.207138061 2.47243341838
1510507155.228374004 2.49285377062
1510507155.248398065 2.51851011063
1510507155.269442081 2.54294472016
1510507155.289309024 2.56633213213
1510507155.310223102 2.59129034044
1510507155.330301046 2.61712121337
1510507155.351128101 2.63998502657
1510507155.372011899 2.66564136657
1510507155.392563104 2.68990144317
1510507155.413003921 2.71451058563
1510507155.433124065 2.73824706345
1510507155.453958988 2.76163447543
1510507155.473978042 2.78694174958
1510507155.494934082 2.81137635911
1510507155.515986919 2.83546190279
1510507155.536015033 2.85972197939
1510507155.556940078 2.88433112185
1510507155.577006101 2.90719493505
1510507155.598038911 2.93232767628
1510507155.618030071 2.95641321995
1510507155.639777898 2.979626099
1510507155.660185098 3.00371164268
1510507155.680171012 3.02901891684
1510507155.699944972 3.05031193371
1510507155.721399068 3.07561920786
1510507155.741915941 3.10040288324
1510507155.762640953 3.12204496597
1510507155.782123088 -3.13810199509
1510507155.802942991 -3.11279472093
1510507155.824084043 -3.09272343453
1510507155.843794107 -3.06793975916
1510507155.864717960 -3.0440287484
1510507155.884783029 -3.0225611986
1510507155.905827045 -2.99812658908
1510507155.925837993 -2.97369197955
1510507155.946773052 -2.95449335778
1510507155.966715097 -2.93075687995
1510507155.987696886 -2.90492600702
1510507156.9049892 -2.88764724742
1510507156.29725074 -2.8660051647
1510507156.52906990 -2.84279228565
1510507156.69911003 -2.82568805898
1510507156.90642929 -2.80474410795
1510507156.111706018 -2.78188029475
1510507156.131858110 -2.76739406196
1510507156.152586936 -2.74487931461
1510507156.172627925 -2.72358629774
1510507156.193516016 -2.70805286739
1510507156.213511943 -2.68658531759
1510507156.235901117 -2.66267430684
1510507156.255578041 -2.65045700208
1510507156.275574922 -2.6284658535
1510507156.296474933 -2.60647470493
1510507156.316495895 -2.59460646601
1510507156.337878942 -2.5785494369
1510507156.357546091 -2.55725642002
1510507156.378477096 -2.54556271403
1510507156.399384975 -2.52758582274
1510507156.419502973 -2.50821266804
1510507156.439539909 -2.49651896205
1510507156.460724115 -2.47732034028
1510507156.481368064 -2.45532919171
1510507156.501430988 -2.44590441374
1510507156.522525072 -2.42705485782
1510507156.542515039 -2.40715810435
1510507156.563409090 -2.39825692517
1510507156.584366083 -2.38237442897
1510507156.604326963 -2.365968334
1510507156.624468088 -2.35322743046
1510507156.646119117 -2.33525053917
1510507156.665786981 -2.3230332344
1510507156.686294078 -2.31640098325
1510507156.707257986 -2.2980750261
1510507156.727374076 -2.28184346406
1510507156.748393058 -2.27486214705
1510507156.768532037 -2.25705978868
1510507156.789340019 -2.24466795099
1510507156.811218023 -2.23611583766
1510507156.830451965 -2.22093147316
1510507156.851205110 -2.21709174881
1510507156.871203899 -2.20627070745
1510507156.892153024 -2.19038821125
1510507156.912236928 -2.18689755275
1510507156.933224916 -2.18009076867
1510507156.954082965 -2.162986542
1510507156.974102973 -2.16281200907
1510507156.994235038 -2.15635429084
1510507157.15114068 -2.14466058485
1510507157.36034107 -2.14588231533
1510507157.56788921 -2.13523580689
1510507157.76277971 -2.12057504117
1510507157.97330093 -2.12092410702
1510507157.117146015 -2.10835773641
1510507157.138505935 -2.09544229994
1510507157.159010887 -2.09666403042
1510507157.179115056 -2.08915911464
1510507157.200031042 -2.07938527083
1510507157.220114946 -2.07624367817
1510507157.240953922 -2.06559716974
1510507157.261941909 -2.06524810388
1510507157.281948089 -2.06873876239
1510507157.302901029 -2.05721958933
1510507157.323076009 -2.0598375832
1510507157.344058036 -2.05896491858
1510507157.364159107 -2.04535135041
1510507157.385257959 -2.03994082973
1510507157.405966043 -2.03592657245
1510507157.425908088 -2.02475646524
1510507157.446775913 -2.02719992619
1510507157.466870069 -2.01969501041
1510507157.487740039 -2.00660504102
1510507157.508872985 -2.01044476537
1510507157.531017065 -2.01445902265
1510507157.550225019 -2.01777514823
1510507157.570353031 -2.00677957394
1510507157.590002059 -1.99613306551
1510507157.611932992 -2.00049638864
1510507157.631023883 -1.99840199353
1510507157.654001951 -1.98391576074
1510507157.672971963 -1.98758095217
1510507157.693738937 -1.99107161068
1510507157.713740110 -1.98164683271
1510507157.734668970 -1.96995312673
1510507157.754961967 -1.96262274387
1510507157.777244091 -1.9662879353
1510507157.796658039 -1.97030219258
1510507157.816637039 -1.96052834877
1510507157.836815118 -1.95023090618
1510507157.858582973 -1.93591920631
1510507157.878757953 -1.92771615883
1510507157.898715972 -1.93382481121
1510507157.919614076 -1.93958439774
1510507157.939798116 -1.9448203855
1510507157.960644960 -1.9448203855
1510507157.981630086 -1.94394772087
1510507158.1617908 -1.93522107461
1510507158.22655963 -1.92736709298
1510507158.42821884 -1.91881497964
1510507158.62964916 -1.90939020168
1510507158.83525896 -1.89822009447
1510507158.104501962 -1.88809718481
1510507158.124537944 -1.87797427515
1510507158.145464897 -1.86802589841
1510507158.165494918 -1.85790298875
1510507158.186536073 -1.84847821079
1510507158.206432104 -1.83922796575
1510507158.227521896 -1.83015225364
1510507158.249615907 -1.82107654153
1510507158.268501043 -1.8132225599
1510507158.289485931 -1.80432138071
1510507158.309582948 -1.79629286615
1510507158.330480098 -1.78826435159
1510507158.350609064 -1.78075943581
1510507158.371922016 -1.77255638833
1510507158.392249107 -1.76522600547
1510507158.412915945 -1.75789562261
1510507158.433727025 -1.75073977268
1510507158.455542087 -1.74585285077
1510507158.475069999 -1.75388136533
1510507158.495373010 -1.76225894574
1510507158.515384912 -1.77063652615
1510507158.536104917 -1.77866504071
1510507158.556243896 -1.78337742969
1510507158.576813936 -1.78582089064
1510507158.597188949 -1.78477369309
1510507158.617362976 -1.78023583703
1510507158.638344049 -1.77395265173
1510507158.659049034 -1.76470240669
1510507158.679306030 -1.75946641894
1510507158.700098991 -1.76156081404
1510507158.720439910 -1.76679680179
1510507158.741194009 -1.77273092125
1510507158.761229038 -1.77342905295
1510507158.782207965 -1.76941479567
1510507158.802253961 -1.76068814941
1510507158.823312997 -1.75475402996
1510507158.843239068 -1.7544049641
1510507158.864079952 -1.75964095186
1510507158.884121894 -1.76365520914
1510507158.905478954 -1.75929188601
1510507158.925955057 -1.75283416778
1510507158.946012020 -1.74777271295
1510507158.966905117 -1.7544049641
1510507158.987035989 -1.76068814941
1510507159.7987022 -1.75999001771
1510507159.29484033 -1.75457949703
1510507159.54503917 -1.7495180422
1510507159.70110082 -1.75615029336
1510507159.90387105 -1.76295707744
1510507159.111020088 -1.76156081404
1510507159.131236076 -1.75545216166
1510507159.152189970 -1.7502161739
1510507159.173582077 -1.75649935921
1510507159.192982912 -1.76068814941
1510507159.214128017 -1.75492856288
1510507159.233830928 -1.74567831784
1510507159.254273891 -1.74288579104
1510507159.274874925 -1.74759818002
1510507159.296216011 -1.74829631172
1510507159.315875053 -1.73974419839
1510507159.337769031 -1.73031942043
1510507159.356802940 -1.73607900696
1510507159.378173112 -1.74253672519
1510507159.397866010 -1.73834793499
1510507159.418848991 -1.7301448875
1510507159.439347982 -1.72647969607
1510507159.459932088 -1.73328648016
1510507159.480722904 -1.73468274356
1510507159.500991106 -1.726654229
1510507159.521802902 -1.72613063022
1510507159.542114019 -1.73119208505
1510507159.562752962 -1.73119208505
1510507159.583728075 -1.72368716927
1510507159.605048894 -1.71722945104
1510507159.624670028 -1.72019651077
1510507159.644716024 -1.72211637294
1510507159.665533065 -1.71356425961
1510507159.685554027 -1.70291775117
1510507159.706466913 -1.70920093648
1510507159.726536989 -1.71600772056
1510507159.747592926 -1.7100736011
1510507159.769195079 -1.70344134995
1510507159.789170980 -1.70693200845
1510507159.811208009 -1.7107717328
1510507159.829790115 -1.71024813403
1510507159.850512981 -1.70134695484
1510507159.870481967 -1.70763014015
1510507159.891479969 -1.71478599008
1510507159.911565065 -1.70850280478
1510507159.932645082 -1.69855442804
1510507159.953515052 -1.70047429022
1510507159.973522901 -1.7058848109
1510507159.994430065 -1.70396494872
1510507160.14552116 -1.69349297321
1510507160.35892963 -1.6865116562
1510507160.55677890 -1.69349297321
1510507160.80059051 -1.69471470369
1510507160.96447944 -1.68424272817
1510507160.117290019 -1.68668618913
1510507160.138485908 -1.69384203906
1510507160.158268928 -1.69384203906
1510507160.179294109 -1.6872097879
1510507160.199225902 -1.68179926722
1510507160.220179080 -1.68895511715
1510507160.240314960 -1.69070044641
1510507160.261168003 -1.68179926722
1510507160.281322956 -1.67359621974
1510507160.302190065 -1.67918127334
1510507160.323303937 -1.68406819525
1510507160.343666076 -1.67586514776
1510507160.364181995 -1.66853476491
1510507160.384124040 -1.67446888436
1510507160.405100107 -1.67586514776
1510507160.426572084 -1.66975649538
1510507160.447395086 -1.6629497113
1510507160.466109991 -1.67132729171
1510507160.487126111 -1.67516701606
1510507160.507273912 -1.66801116613
1510507160.528188943 -1.6594590528
1510507160.549987077 -1.6657422381
1510507160.569678068 -1.66696396858
1510507160.590804100 -1.66068078327
1510507160.610320091 -1.65404853212
1510507160.631059885 -1.6601571845
1510507160.652009010 -1.66207704667
1510507160.672004938 -1.65701559184
1510507160.693944931 -1.64881254436
1510507160.712990045 -1.65527026259
1510507160.733906984 -1.65823732232
1510507160.753950119 -1.65090693946
1510507160.775024890 -1.64165669443
1510507160.794965982 -1.64793987973
1510507160.815872907 -1.65020880776
1510507160.837397098 -1.6442746883
1510507160.856925964 -1.6386896347
1510507160.878205060 -1.64532188586
1510507160.899041891 -1.64793987973
1510507160.918796062 -1.6400858981
1510507160.938834905 -1.63310458109
1510507160.960002899 -1.63886416762
1510507160.981683969 -1.6435765566
1510507161.811100 -1.63764243715
1510507161.20812034 -1.62786859334
1510507161.41898965 -1.63310458109
1510507161.62757968 -1.63502444327
1510507161.82962036 -1.63066112014
1510507161.103204011 -1.62350527021
1510507161.123697996 -1.62455246776
1510507161.144696950 -1.63013752136
1510507161.165656089 -1.62455246776
1510507161.185736894 -1.61600035442
1510507161.206667900 -1.62298167143
1510507161.226718902 -1.63101018599
1510507161.247653961 -1.62891579089
1510507161.267647027 -1.62193447388
1510507161.288758993 -1.61931648
1510507161.308684110 -1.62647232993
1510507161.329621076 -1.62874125796
1510507161.349981069 -1.61931648
1510507161.371031045 -1.61268422884
1510507161.390985965 -1.62018914463
1510507161.412983894 -1.61809474952
1510507161.431677103 -1.61163703129
1510507161.453402042 -1.61058983374
1510507161.473859071 -1.61757115075
1510507161.493558883 -1.62018914463
1510507161.514571905 -1.61216063007
1510507161.534465074 -1.60797183986
1510507161.555669069 -1.61739661782
1510507161.575639963 -1.6221090068
1510507161.596565961 -1.61669848612
1510507161.617460012 -1.6186183483
1510507161.637720108 -1.62647232993
1510507161.658849000 -1.62769406041
1510507161.678625106 -1.6221090068
1510507161.700092077 -1.61704755197
1510507161.720550060 -1.62455246776
1510507161.740731000 -1.62717046163
1510507161.760680913 -1.61809474952
1510507161.781498908 -1.61216063007
1510507161.802062988 -1.62123634218
1510507161.822760105 -1.62490153361
1510507161.843318939 -1.61914194708
1510507161.863430023 -1.61896741415
1510507161.884237051 -1.62682139578
1510507161.904459953 -1.62996298844
1510507161.925324916 -1.62594873116
1510507161.945552110 -1.62193447388
1510507161.966422080 -1.63083565306
1510507161.987222909 -1.63397724572
1510507162.7508039 -1.62594873116
1510507162.28285026 -1.61931648
1510507162.48778057 -1.62629779701
1510507162.69807052 -1.63135925184
1510507162.90207099 -1.62507606653
1510507162.110232114 -1.61949101293
1510507162.131038904 -1.62594873116
1510507162.151060104 -1.62926485674
1510507162.172447919 -1.62577419823
1510507162.192101955 -1.61914194708
1510507162.213470935 -1.62717046163
1510507162.234173059 -1.63607164082
1510507162.254009962 -1.63205738354
1510507162.275091886 -1.62367980313
1510507162.295051097 -1.63031205429
1510507162.316051006 -1.63537350912
1510507162.336286067 -1.63519897619
1510507162.356981039 -1.62577419823
1510507162.376964092 -1.6207127434
1510507162.398036956 -1.62996298844
1510507162.419799089 -1.63310458109
1510507162.439018011 -1.62594873116
1510507162.459070920 -1.62245807265
1510507162.479969978 -1.63048658721
1510507162.500315904 -1.63310458109
1510507162.521343946 -1.62839219211
1510507162.541929960 -1.62193447388
1510507162.561920881 -1.63101018599
1510507162.582897901 -1.63956229932
1510507162.603033065 -1.63432631157
1510507162.623984098 -1.62542513238
1510507162.645955085 -1.63031205429
1510507162.665599107 -1.63589710789
1510507162.685741901 -1.63676977252
1510507162.705812931 -1.62612326408
1510507162.726938962 -1.6200146117
1510507162.746943950 -1.62891579089
1510507162.767673969 -1.63205738354
1510507162.787760972 -1.62437793483
1510507162.808979988 -1.61757115075
1510507162.828995943 -1.62367980313
1510507162.850411891 -1.62612326408
1510507162.871005058 -1.62175994095
1510507162.891612052 -1.61338236054
1510507162.911655902 -1.62263260558
1510507162.931819915 -1.63223191647
1510507162.952666044 -1.62821765919
1510507162.973778009 -1.61966554585
1510507162.993622064 -1.6200146117
1510507163.14704942 -1.62891579089
1510507163.34526109 -1.63101018599
1510507163.54572105 -1.62106180925
1510507163.75531005 -1.61320782762
1510507163.97426891 -1.61984007878
1510507163.116513967 -1.62559966531
1510507163.137526035 -1.61879288122
1510507163.158576965 -1.60971716911
1510507163.178574085 -1.60814637279
1510507163.199522018 -1.61547675565
1510507163.219608068 -1.6172220849
1510507163.240654945 -1.60605197769
1510507163.261434078 -1.60779730694
1510507163.281363964 -1.61547675565
1510507163.302359104 -1.61565128857
1510507163.323103904 -1.60832090571
1510507163.342480897 -1.60168865456
1510507163.363904953 -1.60936810326
1510507163.384424924 -1.60971716911
1510507163.406743049 -1.59697626557
1510507163.425383090 -1.58982041564
1510507163.446296930 -1.5950564034
1510507163.466361045 -1.59331107415
1510507163.486345052 -1.58283909863
1510507163.507208108 -1.58912228394
1510507163.527272939 -1.58964588272
1510507163.548340082 -1.57463605115
1510507163.568907022 -1.56468767441
1510507163.589421033 -1.57079632679
1510507163.610250949 -1.56206968053
1510507163.630253076 -1.55020144162
1510507163.653403997 -1.55683369278
1510507163.671255111 -1.55735729155
1510507163.693229913 -1.54618718434
1510507163.712315082 -1.55247036965
1510507163.733134031 -1.5500269087
1510507163.753650903 -1.53885680148
1510507163.774117946 -1.54339465754
1510507163.795135974 -1.53868226856
1510507163.815241098 -1.52611589794
1510507163.836131095 -1.53100281985
1510507163.857053995 -1.52751216135
1510507163.877074956 -1.51738925168
1510507163.897269964 -1.52349790407
1510507163.918210983 -1.52733762842
1510507163.940301895 -1.51686565291
1510507163.959233045 -1.52105444311
1510507163.980051040 -1.52471963454
1510507164.319957 -1.51320046148
1510507164.23034095 -1.50412474937
1510507164.42001008 -1.50447381522
1510507164.62377929 -1.49068571413
1510507164.82026004 -1.48876585195
1510507164.102900028 -1.48806772025
1510507164.123873949 -1.48056280447
1510507164.144850969 -1.48527519345
1510507164.164984941 -1.4912093129
1510507164.184958934 -1.48405346297
1510507164.205842018 -1.48806772025
1510507164.225874900 -1.49347824093
1510507164.246872901 -1.48527519345
1510507164.267100095 -1.47864294229
1510507164.287868976 -1.48335533127
1510507164.310548067 -1.47480321794
1510507164.328991889 -1.46869456555
1510507164.350166082 -1.47253428991
1510507164.370820999 -1.4690436314
1510507164.390899896 -1.46572750582
1510507164.411087036 -1.4690436314
1510507164.432625055 -1.46450577535
1510507164.452092885 -1.46049151807
1510507164.473110914 -1.46398217657
1510507164.493876934 -1.45717539249
1510507164.516405105 -1.44792514745
1510507164.534775972 -1.45228847058
1510507164.554824113 -1.44513262065
1510507164.575737953 -1.43466064514
1510507164.596589088 -1.43867490242
1510507164.616728067 -1.43884943534
1510507164.637676954 -1.43326438174
1510507164.657728910 -1.43815130364
1510507164.678736925 -1.43710410609
1510507164.698807001 -1.43343891466
1510507164.719888925 -1.43675504024
1510507164.740575075 -1.43256625004
1510507164.760698080 -1.42855199276
1510507164.780709028 -1.43134451956
1510507164.801534891 -1.4247122684
1510507164.822557926 -1.41616015507
1510507164.842564105 -1.41947628065
1510507164.863512039 -1.41860361602
1510507164.884589910 -1.41179683194
1510507164.904501914 -1.41493842459
1510507164.924601078 -1.41319309534
1510507164.945849895 -1.40760804173
1510507164.966502904 -1.40987696976
1510507164.986594915 -1.40673537711
1510507165.7375955 -1.4011503235
1510507165.27523040 -1.4018484552
1510507165.48553943 -1.39504167112
1510507165.68779945 -1.38579142608
1510507165.89677095 -1.38683862363
1510507165.109761953 -1.37985730663
1510507165.130301952 -1.37095612744
1510507165.150357961 -1.37357412132
1510507165.172044992 -1.37235239084
1510507165.192365884 -1.36606920554
1510507165.212440967 -1.36711640309
1510507165.233372926 -1.36449840921
1510507165.253850936 -1.35926242145
1510507165.274285078 -1.35908788853
1510507165.294419050 -1.35280470322
1510507165.315711975 -1.34407805696
1510507165.336376905 -1.34512525451
1510507165.356280088 -1.33831847043
1510507165.377171039 -1.33098808757
1510507165.397216081 -1.33290794975
1510507165.418251991 -1.33133715342
1510507165.438859939 -1.32522850104
1510507165.459260940 -1.32575209981
1510507165.479315996 -1.32243597424
1510507165.500189065 -1.31650185478
1510507165.521347999 -1.31615278893
1510507165.542522907 -1.31074226825
1510507165.562092065 -1.30166655614
1510507165.582246065 -1.30201562199
1510507165.603071928 -1.29590696961
1510507165.623588085 -1.28805298797
1510507165.644025087 -1.28910018552
1510507165.664999008 -1.28787845505
1510507165.685081005 -1.28194433559
1510507165.706037998 -1.28334059899
1510507165.726165056 -1.28072260511
1510507165.747184038 -1.27426488688
1510507165.767014980 -1.27339222226
1510507165.789149999 -1.26920343205
1510507165.808536052 -1.26274571382
1510507165.829216957 -1.26117491749
1510507165.851888895 -1.25576439681
1510507165.870851993 -1.24721228348
1510507165.891005992 -1.24633961885
1510507165.911106109 -1.24058003232
1510507165.932034969 -1.23307511653
1510507165.952842950 -1.23412231409
1510507165.973989009 -1.23359871531
1510507165.992937088 -1.22714099708
1510507166.13142108 -1.22399940442
1510507166.34908056 -1.2224286081
1510507166.54941892 -1.21527275816
1510507166.78062057 -1.21090943503
1510507166.95851898 -1.20881503993
1510507166.117134094 -1.20340451925
1510507166.136755943 -1.19869213027
1510507166.157886981 -1.19694680102
1510507166.177836894 -1.19136174741
1510507166.198723077 -1.18717295721
1510507166.219666957 -1.18752202306
1510507166.240648031 -1.1822860353
1510507166.261183977 -1.1794935085
1510507166.281023025 -1.17984257435
1510507166.301786899 -1.17373392197
1510507166.321731090 -1.16710167081
1510507166.342806100 -1.16675260496
1510507166.363594055 -1.1636110123
1510507166.384080886 -1.15610609652
1510507166.403750896 -1.15540796482
1510507166.425218105 -1.15226637217
1510507166.444669961 -1.14476145638
1510507166.465831995 -1.14179439665
1510507166.486532926 -1.13900186985
1510507166.506501913 -1.13184601992
1510507166.527467012 -1.13149695407
1510507166.548641920 -1.1344640138
1510507166.568542003 -1.13481307965
1510507166.588813066 -1.1400490674
1510507166.609817981 -1.14353972591
1510507166.629574060 -1.14196892958
1510507166.650609016 -1.14476145638
1510507166.670661926 -1.14982291121
1510507166.691410064 -1.14895024659
1510507166.712354898 -1.14790304904
1510507166.732439041 -1.15174277339
1510507166.753345012 -1.14668131856
1510507166.773436069 -1.14057266618
1510507166.794619083 -1.13952546863
1510507166.815371990 -1.13481307965
1510507166.835484027 -1.12748269679
1510507166.856281995 -1.12381750536
1510507166.876363039 -1.1171852542
1510507166.897321939 -1.11002940427
1510507166.917707920 -1.10741141039
1510507166.940063953 -1.10095369216
1510507166.959464073 -1.0957177044
1510507166.981885910 -1.09449597393
1510507167.250101 -1.08908545324
1510507167.20615100 -1.08070787283
1510507167.41228055 -1.07948614236
1510507167.62263965 -1.07651908263
1510507167.82282066 -1.068665101
1510507167.103288888 -1.06744337052
1510507167.123414993 -1.06447631079
1510507167.144447088 -1.05592419746
1510507167.164314985 -1.0506882097
1510507167.186367988 -1.0471975512
1510507167.205316066 -1.03951810249
1510507167.226701021 -1.03445664766
1510507167.247335910 -1.03114052208
1510507167.267708063 -1.02520640262
1510507167.288381099 -1.02084307949
1510507167.308557033 -1.01805055269
1510507167.329008102 -1.01333816371
1510507167.349128007 -1.01246549908
1510507167.369999885 -1.01752695391
1510507167.390038967 -1.01822508561
1510507167.411192893 -1.01665428929
1510507167.431094884 -1.02084307949
1510507167.452040910 -1.02014494779
1510507167.472233057 -1.01874868439
1510507167.493272066 -1.02363560629
1510507167.513991117 -1.02660266602
1510507167.533998012 -1.02590453432
1510507167.554958105 -1.03096598915
1510507167.574927091 -1.03463118058
1510507167.596396923 -1.03358398303
1510507167.615972042 -1.03620197691
1510507167.637706995 -1.03951810249
1510507167.658087015 -1.03969263541
1510507167.677984952 -1.04213609637
1510507167.697957992 -1.04510315609
1510507167.718846082 -1.04475409024
1510507167.740029096 -1.04754661705
1510507167.759896039 -1.0513863414
1510507167.780805110 -1.05121180848
1510507167.801727056 -1.04981554507
1510507167.822472095 -1.05086274263
1510507167.842693090 -1.0513863414
1510507167.862741947 -1.04841928167
1510507167.883701086 -1.04440502439
1510507167.905523061 -1.04545222194
1510507167.924762964 -1.04684848535
1510507167.945698022 -1.04492862317
1510507167.965773105 -1.04196156344
1510507167.986766099 -1.03916903664
1510507168.6844043 -1.03934356956
1510507168.27867078 -1.04196156344
1510507168.48275947 -1.04335782684
1510507168.70698976 -1.04545222194
1510507168.89128017 -1.04405595854
1510507168.109816074 -1.04231062929
1510507168.130881071 -1.04056530004
1510507168.150665044 -1.03934356956
1510507168.170631885 -1.03672557568
1510507168.191586971 -1.03515477936
1510507168.212492942 -1.03410758181
1510507168.233995914 -1.03253678548
1510507168.253984928 -1.03166412085
1510507168.273633956 -1.03096598915
1510507168.294745922 -1.03026785745
1510507168.315709114 -1.02939519283
1510507168.335490942 -1.02887159405
1510507168.355545043 -1.0278243965
1510507168.376547098 -1.02730079772
1510507168.397598981 -1.02677719895
1510507168.417488098 -1.0264281331
1510507168.438791036 -1.02590453432
1510507168.458808898 -1.02555546847
1510507168.479422092 -1.02520640262
1510507168.499641895 -1.02485733677
1510507168.521693944 -1.02450827092
1510507168.542695045 -1.024333738
1510507168.561476945 -1.024333738
1510507168.582926034 -1.02415920507
1510507168.602597951 -1.02415920507
1510507168.623568058 -1.02398467215
1510507168.644422054 -1.02398467215
1510507168.665133953 -1.02398467215
1510507168.684458017 -1.02415920507
1510507168.707026004 -1.0250318697
1510507168.725475072 -1.0264281331
1510507168.746402025 -1.0285225282
1510507168.766264915 -1.03114052208
1510507168.787585020 -1.03498024643
1510507168.808765888 -1.03812183909
1510507168.828399896 -1.04056530004
1510507168.849272966 -1.04091436589
1510507168.869891881 -1.04021623419
1510507168.890270948 -1.03759824031
1510507168.910301923 -1.03532931228
1510507168.931133985 -1.03515477936
1510507168.951164960 -1.03777277324
1510507168.972121000 -1.03986716834
1510507168.992146015 -1.03969263541
1510507169.13138055 -1.03794730616
1510507169.34272909 -1.03410758181
1510507169.54205894 -1.03236225255
1510507169.75161933 -1.03236225255
1510507169.96050977 -1.03323491718
1510507169.116242885 -1.03358398303
1510507169.136272907 -1.03096598915
1510507169.157412052 -1.0264281331
1510507169.180999994 -1.02346107337
1510507169.198272943 -1.02398467215
1510507169.219523906 -1.02398467215
1510507169.239656925 -1.02154121119
1510507169.260205984 -1.01805055269
1510507169.280141115 -1.01281456493
1510507169.301084041 -1.01106923568
1510507169.321109056 -1.01072016983
1510507169.342171907 -1.00862577473
1510507169.362907886 -1.0049605833
1510507169.383785009 -0.999899128468
1510507169.403969049 -0.998328332141
1510507169.424177885 -0.998328332141
1510507169.444808006 -0.996932068739
1510507169.464891910 -0.993441410235
1510507169.485858917 -0.98890355418
1510507169.506894111 -0.985936494452
1510507169.526949882 -0.987158224928
1510507169.547939062 -0.986111027377
1510507169.568032979 -0.983318500574
1510507169.589293956 -0.978431578668
1510507169.610238075 -0.975115453089
1510507169.629906892 -0.975289986014
1510507169.650826930 -0.974242788463
1510507169.671674966 -0.97110119581
1510507169.691631078 -0.966039740979
1510507169.711796998 -0.960803753223
1510507169.732697963 -0.959058423971
1510507169.752777099 -0.95801122642
1510507169.773124933 -0.956091364242
1510507169.793937921 -0.950680843561
1510507169.814760923 -0.945444855805
1510507169.834965944 -0.943001394853
1510507169.855581045 -0.941954197301
1510507169.877373933 -0.9405579339
1510507169.896610975 -0.935845544919
1510507169.917634963 -0.930435024238
1510507169.937685966 -0.927642497435
1510507169.959395885 -0.926769832809
1510507169.978966951 -0.925373569407
1510507169.999598979 -0.919963048726
1510507170.21203041 -0.91437799512
1510507170.40685892 -0.912458132943
1510507170.66024065 -0.911934534167
1510507170.81922054 -0.908967474439
1510507170.102904081 -0.903033354982
1510507170.122519016 -0.897622834301
1510507170.143409013 -0.895877505049
1510507170.164448976 -0.895004840423
1510507170.184416055 -0.891514181919
1510507170.205349922 -0.886452727088
1510507170.225449085 -0.880693140556
1510507170.246309995 -0.878773278379
1510507170.266762971 -0.877027949127
1510507170.287343978 -0.873188224773
1510507170.307459115 -0.867952237017
1510507170.328541994 -0.861843584635
1510507170.349339962 -0.859574656607
1510507170.369649887 -0.857829327355
1510507170.389715909 -0.853815070076
1510507170.410610914 -0.848230016469
1510507170.431420087 -0.842295897012
1510507170.451519012 -0.840026968985
1510507170.472450971 -0.837932573882
1510507170.492541074 -0.833220184902
1510507170.513406038 -0.826936999595
1510507170.534210920 -0.821526478914
1510507170.554819107 -0.819432083811
1510507170.575350046 -0.817337688709
1510507170.595314979 -0.812799832654
1510507170.616198062 -0.806342114421
1510507170.636378049 -0.801978791291
1510507170.657243967 -0.799709863264
1510507170.678380012 -0.797266402311
1510507170.699366092 -0.791506815779
1510507170.719199895 -0.785747229248
1510507170.740278005 -0.782431103669
1510507170.760308027 -0.780511241492
1510507170.782901048 -0.775798852511
1510507170.801309108 -0.768817535504
1510507170.821454048 -0.762359817271
1510507170.842139959 -0.759392757543
1510507170.863125085 -0.75660023074
1510507170.883152008 -0.751713308834
1510507170.904180049 -0.745081057676
1510507170.924134969 -0.737925207743
1510507170.945519924 -0.734260016314
1510507170.965073108 -0.730943890735
1510507170.986097097 -0.726231501755
1510507171.7721900 -0.720122849373
1510507171.27055025 -0.71331606529
1510507171.47921895 -0.70930180801
1510507171.67915916 -0.705985682432
1510507171.88052988 -0.700924227601
1510507171.109286069 -0.694641042294
1510507171.129827976 -0.688008791136
1510507171.150120019 -0.684692665557
1510507171.171062946 -0.681551072904
1510507171.191766023 -0.676489618073
1510507171.211858034 -0.66933376814
1510507171.232975006 -0.663748714533
1510507171.253045082 -0.660781654805
1510507171.273823976 -0.657989128002
1510507171.293881893 -0.652055008545
1510507171.313848972 -0.645073691537
1510507171.334744930 -0.63879050623
1510507171.356060981 -0.633903584324
1510507171.376781940 -0.630238392895
1510507171.396800994 -0.624478806364
1510507171.417699098 -0.617672022281
1510507171.437958002 -0.610865238198
1510507171.457689046 -0.605978316292
1510507171.479717016 -0.601964059013
1510507171.499627113 -0.594633676154
1510507171.520252943 -0.58643062867
1510507171.540642976 -0.580671042139
1510507171.561695098 -0.575609587308
1510507171.581563949 -0.569675467851
1510507171.601675033 -0.560948821591
1510507171.622723102 -0.554491103359
1510507171.644767999 -0.550651379004
1510507171.663595914 -0.545764457099
1510507171.683610916 -0.53843407424
1510507171.704581022 -0.532499954783
1510507171.725460052 -0.528834763354
1510507171.745568990 -0.522377045122
1510507171.766510963 -0.514697596413
1510507171.786485910 -0.510683339134
1510507171.807786941 -0.506843614779
1510507171.828551054 -0.499862297771
1510507171.849606990 -0.49410271124
1510507171.869379043 -0.490262986885
1510507171.889801979 -0.483805268653
1510507171.910491943 -0.475253155318
1510507171.931890964 -0.470889832188
1510507171.952295064 -0.464083048105
1510507171.971649885 -0.456054533546
1510507171.992558956 -0.45081854579
1510507172.13369083 -0.446804288511
1510507172.33735990 -0.438775773951
1510507172.53471088 -0.431445391093
1510507172.76901912 -0.426558469187
1510507172.95263004 -0.418006355853
1510507172.115251064 -0.410326907144
1510507172.136219024 -0.404741853537
1510507172.156394004 -0.396538806053
1510507172.177262067 -0.390430153671
1510507172.198208093 -0.382925237888
1510507172.218449115 -0.373325927002
1510507172.245563983 -0.36756634047
1510507172.259350061 -0.359363292986
1510507172.282632112 -0.35011304795
1510507172.300201892 -0.342084533391
1510507172.321170091 -0.331961623729
1510507172.342194080 -0.327772833525
1510507172.362420082 -0.31956978604
1510507172.382330894 -0.313810199509
1510507172.403393983 -0.307527014201
1510507172.424057960 -0.298451302091
1510507172.445019006 -0.290597320457
1510507172.465203046 -0.280474410795
1510507172.485733032 -0.275412955965
1510507172.506088972 -0.26651177678
1510507172.528960943 -0.260403124398
1510507172.547317028 -0.250978346437
1510507172.567251920 -0.243997029429
1510507172.588325977 -0.236143047795
1510507172.609431028 -0.228289066161
1510507172.629242897 -0.223402144255
1510507172.649985074 -0.219736952826
1510507172.670840978 -0.220958683302
1510507172.690859079 -0.220435084527
1510507172.710983037 -0.225147473507
1510507172.731897115 -0.226892802759
1510507172.752082109 -0.230732527114
1510507172.773045063 -0.235095850244
1510507172.793853044 -0.242077167252
1510507172.813945055 -0.247313155008
1510507172.834919929 -0.252374609838
1510507172.855869054 -0.256563400043
1510507172.875864982 -0.257261531744
1510507172.896933078 -0.259006860996
1510507172.916887998 -0.260403124398
1510507172.939132928 -0.263893782902
1510507172.957847118 -0.264068315827
1510507172.978725910 -0.268431638957
1510507172.999819993 -0.272096830386
1510507173.19736051 -0.276634686441
1510507173.40710926 -0.277681883992
1510507173.60681104 -0.279601746169
1510507173.81624984 -0.274714824264
1510507173.101649999 -0.270526034059
1510507173.122661113 -0.259879525622
1510507173.143692970 -0.250803813512
1510507173.164697885 -0.237888377047
1510507173.184761047 -0.229510796637
1510507173.204962015 -0.218166156499
1510507173.225716114 -0.210486707791
1510507173.246103048 -0.198443935952
1510507173.266894102 -0.190589954318
1510507173.287497997 -0.178896248329
1510507173.307729959 -0.171216799621
1510507173.327702045 -0.159348560707
1510507173.348999023 -0.151494579073
1510507173.368964910 -0.140848070636
1510507173.389678001 -0.134215819478
1510507173.409866094 -0.123918376892
1510507173.430804014 -0.117984257435
1510507173.451750040 -0.108734012399
1510507173.471781015 -0.102799892942
1510507173.492587089 -0.0923279174305
1510507173.513530015 -0.0874409955249
1510507173.534703016 -0.0781907504893
1510507173.554538965 -0.0724311639578
1510507173.574569940 -0.0651007810994
1510507173.596730947 -0.0631809189222
1510507173.615746974 -0.0570722665402
1510507173.636363029 -0.0548033385126
1510507173.656438112 -0.0506145483078
1510507173.677313089 -0.0483456202802
1510507173.697319030 -0.0422369678983
1510507173.718326091 -0.0413643032723
1510507173.739268064 -0.0420624349731
1510507173.759478092 -0.0467748239534
1510507173.782246112 -0.0539306738866
1510507173.800282955 -0.059515727493
1510507173.820343971 -0.0666715774262
1510507173.841294050 -0.0767944870878
1510507173.862279891 -0.0848230016469
1510507173.882483959 -0.0940732466825
1510507173.902698993 -0.102625360017
1510507173.923517942 -0.111875605053
1510507173.944531917 -0.116413461108
1510507173.964701890 -0.126187304919
1510507173.985194921 -0.132645023152
1510507174.5170106 -0.142418866963
1510507174.26343107 -0.149749249821
1510507174.47296047 -0.161093889959
1510507174.67636966 -0.167377075266
1510507174.88392019 -0.177849050778
1510507174.108270883 -0.183259571459
1510507174.129818916 -0.193207948196
1510507174.150012016 -0.201236462755
1510507174.170190095 -0.210486707791
1510507174.190404891 -0.21450096507
1510507174.211288928 -0.223402144255
1510507174.232055902 -0.22759093446
1510507174.252063035 -0.235444916094
1510507174.273076057 -0.239284640448
1510507174.293097972 -0.247138622082
1510507174.314096927 -0.250629280586
1510507174.334203004 -0.258308729295
1510507174.355325937 -0.261799387799
1510507174.376192092 -0.269478836508
1510507174.396357059 -0.273144027937
1510507174.419482946 -0.280474410795
1510507174.437946081 -0.283441470524
1510507174.457976102 -0.289550122906
1510507174.478933095 -0.291993583859
1510507174.499100923 -0.295833308213
1510507174.520647048 -0.298451302091
1510507174.540033102 -0.303861822772
1510507174.560935020 -0.307003415426
1510507174.581123113 -0.313635666583
1510507174.601844072 -0.317300858013
1510507174.622036933 -0.324282175021
1510507174.643313884 -0.328994564001
1510507174.665497064 -0.335975881009
1510507174.683835029 -0.340513737064
1510507174.704834938 -0.346447856521
1510507174.724694013 -0.3497639821
1510507174.744750022 -0.355349035706
1510507174.766113042 -0.358665161285
1510507174.786815881 -0.365297412442
1510507174.806834936 -0.370009801423
1510507174.827761888 -0.377689250132
1510507174.847938060 -0.382227106187
1510507174.868936061 -0.389557489045
1510507174.892318010 -0.393222680474
1510507174.909833908 -0.399331332856
1510507174.930866956 -0.401949326734
1510507174.950659990 -0.407534380341
1510507174.971602916 -0.410501440069
1510507174.992573022 -0.416261026601
1510507175.12561082 -0.418879020479
1510507175.32706022 -0.425511271636
1510507175.53510904 -0.428129265514
1510507175.74484109 -0.432667121569
1510507175.94789028 -0.433539786195
1510507175.116710901 -0.4377285764
1510507175.136234045 -0.438426708101
1510507175.156534910 -0.441917366605
1510507175.176516056 -0.443313630007
1510507175.197459936 -0.447851486062
1510507175.217540025 -0.448375084837
1510507175.239022970 -0.447502420211
1510507175.261620998 -0.447153354361
1510507175.280570030 -0.447676953137
1510507175.300414085 -0.445582558034
1510507175.321465969 -0.447153354361
1510507175.341866016 -0.445757090959
1510507175.362518072 -0.448026018987
1510507175.382839918 -0.447153354361
1510507175.403532028 -0.44610615681
1510507175.424084901 -0.447327887286
1510507175.444320917 -0.446280689735
1510507175.465271949 -0.448026018987
1510507175.485305070 -0.447502420211
1510507175.505346059 -0.445931623885
1510507175.526196956 -0.447851486062
1510507175.547250986 -0.447676953137
1510507175.567349910 -0.446804288511
1510507175.588301897 -0.449596815314
1510507175.608583927 -0.450644012865
1510507175.629597902 -0.449422282389
1510507175.649615049 -0.450993078715
1510507175.670972108 -0.453262006743
1510507175.690444946 -0.452563875042
1510507175.711325883 -0.450120414089
1510507175.731441974 -0.451691210416
1510507175.752471923 -0.453785605519
1510507175.773226022 -0.453611072593
1510507175.793452024 -0.451167611641
1510507175.814313888 -0.449771348239
1510507175.835210084 -0.450644012865
1510507175.855310916 -0.451865743341
1510507175.875474929 -0.451516677491
1510507175.896214962 -0.449247749463
1510507175.917232990 -0.446629755585
1510507175.937236070 -0.447327887286
1510507175.958487033 -0.448898683613
1510507175.978836059 -0.449945881164
1510507175.999315977 -0.450120414089
1510507176.19510984 -0.448898683613
1510507176.40256977 -0.44645522266
1510507176.60440063 -0.443837228782
1510507176.81048965 -0.442615498306
1510507176.101893901 -0.442790031231
1510507176.121944904 -0.443662695857
1510507176.142896890 -0.445058959259
1510507176.163135051 -0.44645522266
1510507176.184076070 -0.447851486062
1510507176.203927993 -0.449073216538
1510507176.224808931 -0.450120414089
1510507176.244988918 -0.45046947994
1510507176.265894889 -0.450644012865
1510507176.286875963 -0.450993078715
1510507176.307037115 -0.450993078715
1510507176.327996015 -0.450993078715
1510507176.348990917 -0.450993078715
1510507176.369385004 -0.449247749463
1510507176.389271020 -0.447153354361
1510507176.410151958 -0.445408025109
1510507176.430947065 -0.443488162932
1510507176.450901031 -0.441917366605
1510507176.472565889 -0.440172037353
1510507176.491878032 -0.438601241026
1510507176.512849092 -0.437030444699
1510507176.532967090 -0.435285115447
1510507176.554042100 -0.433539786195
1510507176.574748992 -0.431619924018
1510507176.595005989 -0.429874594766
1510507176.615742921 -0.427954732589
1510507176.636157035 -0.426209403337
1510507176.656699895 -0.424464074085
1510507176.677720069 -0.422718744833
1510507176.697526931 -0.421147948506
1510507176.717560052 -0.419402619254
1510507176.740216016 -0.417831822927
1510507176.758913040 -0.416261026601
1510507176.779635906 -0.414864763199
1510507176.800995111 -0.413468499797
1510507176.820920944 -0.412246769321
1510507176.842804908 -0.410850505919
1510507176.861856937 -0.409628775443
1510507176.883451938 -0.408407044967
1510507176.902852058 -0.407359847415
1510507176.923712968 -0.406138116939
1510507176.943703889 -0.405789051089
1510507176.964649915 -0.405963584014
1510507176.984541893 -0.407883446191
1510507177.5455017 -0.41119957177
1510507177.25752067 -0.415388361975
1510507177.46905994 -0.419053553404
1510507177.67641019 -0.420973415581
1510507177.88287115 -0.422544211908
1510507177.108527898 -0.425860337487
1510507177.128391027 -0.430049127691
1510507177.149312019 -0.432143522794
1510507177.170093059 -0.435634181298
1510507177.190295934 -0.439299372727
1510507177.210410118 -0.440870169054
1510507177.231606006 -0.44610615681
1510507177.251610040 -0.449771348239
1510507177.272555112 -0.454134671369
1510507177.293441057 -0.455705467696
1510507177.313571929 -0.457276264023
1510507177.334376096 -0.460243323751
1510507177.354465961 -0.460417856676
1510507177.375479936 -0.46425758103
1510507177.395376920 -0.465828377357
1510507177.416445970 -0.46827183831
1510507177.437335014 -0.467748239534
1510507177.457326889 -0.468097305385
1510507177.478306055 -0.468446371235
1510507177.498495101 -0.466526509058
1510507177.519078016 -0.46827183831
1510507177.540045022 -0.466875574908
1510507177.560074090 -0.468097305385
1510507177.580128908 -0.466701041983
1510507177.601016044 -0.465653844432
1510507177.622422933 -0.466002910282
1510507177.642036914 -0.464606646881
1510507177.662962913 -0.466351976133
1510507177.683279991 -0.464083048105
1510507177.704138994 -0.462163185928
1510507177.724251031 -0.462163185928
1510507177.748392105 -0.461639587153
1510507177.766073942 -0.461814120078
1510507177.786396980 -0.460068790826
1510507177.807055950 -0.457625329873
1510507177.828210115 -0.459719724975
1510507177.848189115 -0.460068790826
1510507177.869102954 -0.459021593275
1510507177.890026092 -0.460243323751
1510507177.910088062 -0.459719724975
1510507177.930078983 -0.459719724975
1510507177.951107025 -0.461988653003
1510507177.971652984 -0.460941455452
1510507177.992017984 -0.461988653003
1510507178.12207031 -0.464955712731
1510507178.33416986 -0.464606646881
1510507178.53033113 -0.46355944933
1510507178.75623035 -0.466701041983
1510507178.94750881 -0.46827183831
1510507178.114801883 -0.467399173684
1510507178.135772943 -0.470366233412
1510507178.156883955 -0.474380490692
1510507178.176794052 -0.474555023617
1510507178.196752071 -0.473333293141
1510507178.218955993 -0.475776754094
1510507178.239089965 -0.477696616271
1510507178.258829116 -0.477173017495
1510507178.279781103 -0.478220215046
1510507178.299818038 -0.480838208924
1510507178.320985078 -0.482059939401
1510507178.343070030 -0.480838208924
1510507178.361762046 -0.481536340625
1510507178.382299900 -0.485201532054
1510507178.402679920 -0.487121394232
1510507178.424299001 -0.486423262531
1510507178.444286108 -0.487819525932
1510507178.465269088 -0.491833783212
1510507178.484589099 -0.493055513688
1510507178.505580902 -0.492880980763
1510507178.525644063 -0.49445177709
1510507178.546602010 -0.497942435594
1510507178.567543029 -0.500036830696
1510507178.587615013 -0.499338698996
1510507178.607625007 -0.500385896547
1510507178.628633975 -0.504400153826
1510507178.650247097 -0.508239878181
1510507178.670499086 -0.508588944031
1510507178.690581083 -0.509810674508
1510507178.710448980 -0.513650398862
1510507178.731389999 -0.517315590291
1510507178.751410961 -0.519759051244
1510507178.772387981 -0.518711853693
1510507178.792426109 -0.520108117094
1510507178.813524961 -0.523773308523
1510507178.833458900 -0.524471440224
1510507178.854782104 -0.523773308523
1510507178.875936985 -0.523773308523
1510507178.895309925 -0.526565835327
1510507178.916280031 -0.527438499953
1510507178.936937093 -0.524471440224
1510507178.957309961 -0.521504380496
1510507178.978219032 -0.522377045122
1510507178.998439073 -0.522900643898
1510507179.19320964 -0.519060919543
1510507179.39555072 -0.515395728114
1510507179.60625076 -0.514523063488
1510507179.81199884 -0.513824931787
1510507179.101305007 -0.511381470834
1510507179.121296882 -0.506843614779
1510507179.142617940 -0.506843614779
1510507179.163180112 -0.50719268063
1510507179.183501005 -0.503352956275
1510507179.204090118 -0.497942435594
1510507179.225063085 -0.496022573417
1510507179.245137929 -0.495673507566
1510507179.265361070 -0.493055513688
1510507179.286195993 -0.486946861306
1510507179.307950973 -0.482583538176
1510507179.327177047 -0.482234472326
1510507179.348436117 -0.479791011373
1510507179.368067979 -0.47263516144
1510507179.389050006 -0.469493568786
1510507179.409112930 -0.467573706609
1510507179.430252075 -0.461465054227
1510507179.450253009 -0.453785605519
1510507179.471219062 -0.450120414089
1510507179.492058992 -0.447327887286
1510507179.512213945 -0.44209189953
1510507179.532247066 -0.435285115447
1510507179.553217887 -0.431270858168
1510507179.574249029 -0.430049127691
1510507179.594794034 -0.426733002113
1510507179.615811109 -0.418704487553
1510507179.636208057 -0.417133691227
1510507179.656141996 -0.416610092451
1510507179.677021026 -0.411374104695
1510507179.697020053 -0.404392787687
1510507179.718002080 -0.401600260884
1510507179.737973928 -0.400902129183
1510507179.758980989 -0.39776053653
1510507179.779169082 -0.391128285372
1510507179.800093889 -0.387288561018
1510507179.821095943 -0.387986692718
1510507179.841003894 -0.383623369588
1510507179.863373041 -0.377165651356
1510507179.881886959 -0.377514717206
1510507179.902932882 -0.378910980608
1510507179.923727035 -0.374547657478
1510507179.943685054 -0.368613538021
1510507179.963879108 -0.367740873395
1510507179.984993934 -0.367391807545
1510507180.5726099 -0.364948346592
1510507180.25706052 -0.357967029584
1510507180.46654939 -0.354301838155
1510507180.67362070 -0.355523568631
1510507180.87625026 -0.350811179651
1510507180.107664108 -0.344178928493
1510507180.128572940 -0.344004395568
1510507180.149530887 -0.345226126044
1510507180.169523000 -0.342433599241
1510507180.190602064 -0.33667401271
1510507180.210618019 -0.333183354206
1510507180.231635093 -0.335277749308
1510507180.251642942 -0.334230551757
1510507180.272475004 -0.327772833525
1510507180.292536020 -0.323409510395
1510507180.313544034 -0.324805773796
1510507180.333518028 -0.321489648217
1510507180.354501962 -0.315904594611
1510507180.375397920 -0.312064870257
1510507180.395440101 -0.311715804406
1510507180.416439056 -0.309795942229
1510507180.436499118 -0.302465559371
1510507180.457475900 -0.296880505764
1510507180.478668928 -0.29775317039
1510507180.498605012 -0.297055038689
1510507180.519383907 -0.291993583859
1510507180.539361953 -0.28902652413
1510507180.560993909 -0.290248254607
1510507180.581302881 -0.28902652413
1510507180.601392030 -0.285012266851
1510507180.622400999 -0.281347075421
1510507180.642601013 -0.282045207122
1510507180.662714958 -0.282917871748
1510507180.683514118 -0.278729081543
1510507180.703754901 -0.272794962087
1510507180.724389076 -0.274714824264
1510507180.745404958 -0.277507351067
1510507180.765419006 -0.274714824264
1510507180.786425113 -0.270526034059
1510507180.806622982 -0.27087509991
1510507180.827370882 -0.275063890114
1510507180.847644090 -0.276111087666
1510507180.868228912 -0.27157323161
1510507180.888396024 -0.27593655474
1510507180.909173965 -0.280998009571
1510507180.930213928 -0.280998009571
1510507180.950390100 -0.278380015693
1510507180.971167087 -0.279427213244
1510507180.992681026 -0.284663201
1510507181.12284040 -0.286408530252
1510507181.33637046 -0.282743338823
1510507181.53148984 -0.281696141272
1510507181.74357986 -0.286583063177
1510507181.94429969 -0.290771853382
1510507181.115124940 -0.28867745828
1510507181.135265111 -0.288328392429
1510507181.159514904 -0.294437044811
1510507181.176173925 -0.297055038689
1510507181.197010040 -0.296356906989
1510507181.216974020 -0.295658775288
1510507181.238063097 -0.30176742767
1510507181.258994102 -0.307177948351
1510507181.279438972 -0.305956217875
1510507181.299053907 -0.302989158146
1510507181.320024967 -0.310145008079
1510507181.341109037 -0.313112067808
1510507181.361247062 -0.312937534883
1510507181.381823062 -0.311366738556
1510507181.401952981 -0.31520646291
1510507181.422828912 -0.321489648217
1510507181.443231105 -0.323758576245
1510507181.463831901 -0.31922072019
1510507181.484740972 -0.324456707946
1510507181.504925012 -0.330565360328
1510507181.525804042 -0.331787090804
1510507181.545852899 -0.329518162777
1510507181.567028999 -0.329518162777
1510507181.587692975 -0.335975881009
1510507181.608453035 -0.339117473662
1510507181.629132986 -0.337197611485
1510507181.649300098 -0.333881485907
1510507181.670686006 -0.340164671214
1510507181.689830064 -0.342433599241
1510507181.711030006 -0.340862802914
1510507181.730768918 -0.337895743186
1510507181.751837968 -0.338593874887
1510507181.771678924 -0.343306263867
1510507181.793474912 -0.344702527269
1510507181.812711000 -0.339292006588
1510507181.833821058 -0.339466539513
1510507181.854691982 -0.343131730942
1510507181.875097036 -0.343480796792
1510507181.895909070 -0.339815605363
1510507181.915699005 -0.334579617607
1510507181.936578035 -0.338419341962
1510507181.958323001 -0.342433599241
1510507181.977675914 -0.338942940737
1510507181.997651100 -0.332485222505
1510507182.18580913 -0.330914426178
1510507182.39700984 -0.331438024954
1510507182.59736967 -0.331263492029
1510507182.82799911 -0.32393310917
1510507182.101490020 -0.318522588489
1510507182.121481895 -0.320442450666
1510507182.141562938 -0.322187779918
1510507182.162416934 -0.316602726312
1510507182.182423114 -0.309970475154
1510507182.203454017 -0.309446876379
1510507182.224634885 -0.309272343453
1510507182.244482040 -0.305956217875
1510507182.265357971 -0.296356906989
1510507182.285557031 -0.296531439914
1510507182.306493997 -0.298625835016
1510507182.326613903 -0.294786110662
1510507182.347424030 -0.286932129028
1510507182.368525981 -0.279252680319
1510507182.388854026 -0.252723675689
1510507182.409473896 -0.252200076913
1510507182.429672956 -0.244869694055
1510507182.450498104 -0.235095850244
1510507182.470617055 -0.231430658814
1510507182.491555929 -0.230034395413
1510507182.515254974 -0.226020138133
1510507182.532398939 -0.215024563846
1510507182.553642034 -0.203156324932
1510507182.573574066 -0.199142067653
1510507182.594721078 -0.196175007924
1510507182.614460945 -0.187273828739
1510507182.635443925 -0.172787595947
1510507182.655627012 -0.163188285061
1510507182.676770925 -0.158999494857
1510507182.696150064 -0.152890842475
1510507182.717065095 -0.138928208459
1510507182.738166093 -0.126361837844
1510507182.758811950 -0.118333323285
1510507182.778383970 -0.111526539202
1510507182.799336910 -0.101752695391
1510507182.820332050 -0.0853466004225
1510507182.840388059 -0.0719075651822
1510507182.861140966 -0.065624379875
1510507182.881360054 -0.0553269372882
1510507182.902196884 -0.0408407044967
1510507182.923130035 -0.0246091424531
1510507182.943077087 -0.0101229096616
1510507182.964078903 -0.00244346095279
1510507182.984008073 0.0116937059884
1510507183.4959106 0.0280998009571
1510507183.25305032 0.0446804288511
1510507183.46428918 0.0544542726622
1510507183.66189050 0.0651007810994
1510507183.87223052 0.0809832772925
1510507183.109508037 0.0998328332141
1510507183.128206014 0.10978120995
1510507183.148061037 0.11850785621
1510507183.169378995 0.130201562199
1510507183.192289113 0.144862327916
1510507183.210969924 0.159697626557
1510507183.232585906 0.167028009416
1510507183.251240968 0.174532925199
1510507183.272033929 0.187448361664
1510507183.293100118 0.203854456633
1510507183.313009977 0.213628300444
1510507183.334008932 0.220086018676
1510507183.354793071 0.228463599086
1510507183.374717950 0.244171562354
1510507183.394701957 0.258657795146
1510507183.415863990 0.265813645079
1510507183.436639070 0.272969495012
1510507183.456866025 0.283965069299
1510507183.477735996 0.297578637465
1510507183.497720956 0.309446876379
1510507183.518739938 0.312937534883
1510507183.539383888 0.31922072019
1510507183.560084104 0.330565360328
1510507183.581041097 0.339990138288
1510507183.602173089 0.343480796792
1510507183.621817111 0.347844119922
1510507183.643913030 0.355349035706
1510507183.662543058 0.367042741694
1510507183.683464050 0.371056998974
1510507183.703495979 0.373849525777
1510507183.724512100 0.379085513533
1510507183.744642019 0.387288561018
1510507183.765547037 0.397062404829
1510507183.785583019 0.399680398707
1510507183.806490898 0.401251195033
1510507183.827553033 0.407359847415
1510507183.847560882 0.416086493675
1510507183.868393898 0.423591409459
1510507183.888662099 0.426209403337
1510507183.909759998 0.426733002113
1510507183.929841041 0.433190720345
1510507183.951066017 0.441917366605
1510507183.971647977 0.44610615681
1510507183.991652965 0.445408025109
1510507184.11759996 0.446280689735
1510507184.32927989 0.451865743341
1510507184.52417993 0.459719724975
1510507184.73431968 0.462512251778
1510507184.94249010 0.462337718853
1510507184.114272117 0.462163185928
1510507184.135231971 0.465653844432
1510507184.155280113 0.470366233412
1510507184.176378011 0.474729556542
1510507184.196376085 0.475078622393
1510507184.217248916 0.47228609559
1510507184.238714933 0.471587963889
1510507184.258502006 0.475602221168
1510507184.279191970 0.480489143074
1510507184.299475908 0.483107136952
1510507184.320358991 0.480489143074
1510507184.340627908 0.479092879672
1510507184.361253976 0.482234472326
1510507184.381251096 0.486772328381
1510507184.402149915 0.490612052736
1510507184.423049926 0.488343124708
1510507184.443280935 0.486946861306
1510507184.464046001 0.491310184436
1510507184.484168052 0.497069770968
1510507184.505043029 0.499687764846
1510507184.525085926 0.498116968519
1510507184.546168088 0.498116968519
1510507184.566170930 0.50317842335
1510507184.587137937 0.509985207433
1510507184.608264923 0.513301333012
1510507184.628537893 0.51225413546
1510507184.649610042 0.512952267161
1510507184.668977022 0.518013721992
1510507184.689954042 0.525693170701
1510507184.710056066 0.527089434102
1510507184.731091022 0.524820506075
1510507184.751063108 0.524995039
1510507184.772114992 0.529881960905
1510507184.792285919 0.537386876689
1510507184.813046932 0.538608607165
1510507184.833859920 0.536339679138
1510507184.853820085 0.535816080362
1510507184.873826980 0.540353936417
1510507184.894882917 0.54681165465
1510507184.915798902 0.549953247303
1510507184.936280965 0.548731516827
1510507184.956873893 0.546113522949
1510507184.976897954 0.548382450977
1510507184.999448060 0.552571241181
1510507185.19124984 0.555363767985
1510507185.40400981 0.553443905807
1510507185.60009956 0.550302313154
1510507185.80250024 0.552920307032
1510507185.100984096 0.557632696012
1510507185.122842073 0.558854426489
1510507185.141815900 0.55588736676
1510507185.161825895 0.553443905807
1510507185.182744026 0.555