1510507132.25300500 0.00435210112482
1510507132.50154500 0.00430850265548
1510507132.75001500 0.00548113789409
1510507132.99923500 0.00482449121773
1510507132.125004500 0.00503363879398
1510507132.149839500 0.00510436110198
1510507132.175040500 0.00525705982
1510507132.199806500 0.00571906007826
1510507132.224761500 0.00497833173722
1510507132.249753500 0.00511428713799
1510507132.274866500 0.00547226611525
1510507132.300013500 0.00485607795417
1510507132.324667500 0.0050559155643
1510507132.349497500 0.00582852587104
1510507132.374676500 0.00503336358815
1510507132.399577500 0.00446734856814
1510507132.424572500 0.00503963185474
1510507132.449406500 0.00497985631227
1510507132.474383500 0.00527429766953
1510507132.499291500 0.00562910689041
1510507132.524282500 0.00510583957657
1510507132.549069500 0.00512390490621
1510507132.574270500 0.00545475166291
1510507132.598989500 0.00533970631659
1510507132.623933500 0.00517300609499
1510507132.649030500 0.00474188942462
1510507132.673887500 0.00472132209688
1510507132.699505500 0.00564250070602
1510507132.723851500 0.00574689777568
1510507132.749008500 0.00578796863556
1510507132.773846500 0.00480492971838
1510507132.798643500 0.00535391550511
1510507132.823597500 0.00478278007358
1510507132.848665500 0.00481646927074
1510507132.873597500 0.00582588510588
1510507132.900305500 0.00547156576067
1510507132.923514500 0.005580291152
1510507132.948373500 0.00499344989657
1510507132.973299500 0.00467143859714
1510507132.998371500 0.00526187289506
1510507133.23349500 0.0059352433309
1510507133.48276500 0.00541383586824
1510507133.73246500 0.00541186332703
1510507133.98123500 0.00577971059829
1510507133.123005500 0.00529724545777
1510507133.148150500 0.00535011570901
1510507133.172962500 0.00508073996753
1510507133.197877500 0.00538748549297
1510507133.222846500 0.00536197144538
1510507133.247820500 0.00461582606658
1510507133.272840500 0.00461798766628
1510507133.298033500 0.00541742378846
1510507133.322773500 0.00468071550131
1510507133.347711500 0.00510209286585
1510507133.372678500 0.00530825741589
1510507133.397888500 0.00557228224352
1510507133.422650500 0.00544771272689
1510507133.447775500 0.00520008709282
1510507133.472608500 0.00512103736401
1510507133.497576500 0.00520952790976
1510507133.522436500 0.00506250932813
1510507133.547391500 0.00468286406249
1510507133.574033500 0.00537922186777
1510507133.597272500 0.00519366096705
1510507133.622257500 0.00474272947758
1510507133.647308500 0.00443791411817
1510507133.672262500 0.00440477021039
1510507133.696929500 0.00529362913221
1510507133.722134500 0.00508373603225
1510507133.746997500 0.00549068767577
1510507133.771845500 0.00526174530387
1510507133.796954500 0.00488516595215
1510507133.821893500 0.00553056737408
1510507133.846818500 0.00453640334308
1510507133.871773500 0.00562842749059
1510507133.896838500 0.00481013162062
1510507133.921542500 0.00536943227053
1510507133.946557500 0.00432576844469
1510507133.971449500 0.0047570085153
1510507133.996460500 0.0054452130571
1510507134.21445500 0.00532722659409
1510507134.46697500 0.00520870089531
1510507134.71329500 0.00487538380548
1510507134.96280500 0.00479246396571
1510507134.121148500 0.00507557252422
1510507134.146092500 0.0042007593438
1510507134.171014500 0.00514630135149
1510507134.195963500 0.00558000802994
1510507134.220924500 0.00450422428548
1510507134.246019500 0.00520296534523
1510507134.270885500 0.00479564163834
1510507134.295975500 0.00457097776234
1510507134.320922500 0.00574993249029
1510507134.345893500 0.00473095849156
1510507134.370816500 0.00482666678727
1510507134.395822500 0.00466095469892
1510507134.420631500 0.00537892431021
1510507134.445737500 0.00450892839581
1510507134.470520500 0.00522269401699
1510507134.495577500 0.00567842833698
1510507134.520505500 0.00476232822984
1510507134.545982500 0.00517099443823
1510507134.570443500 0.00527319591492
1510507134.595480500 0.00513032451272
1510507134.620426500 0.0054151378572
1510507134.645261500 0.00525987520814
1510507134.670135500 0.00501274969429
1510507134.695267500 0.00537404790521
1510507134.720207500 0.00542578659952
1510507134.745061500 0.00564021151513
1510507134.770032500 0.00484714284539
1510507134.795111500 0.00503142829984
1510507134.819946500 0.00553488172591
1510507134.844787500 0.00572281889617
1510507134.869828500 0.00584989506751
1510507134.894862500 0.0047202585265
1510507134.919659500 0.00509743019938
1510507134.944623500 0.00516298320144
1510507134.969641500 0.00488813407719
1510507134.994610500 0.00502096861601
1510507135.19573500 0.00475489441305
1510507135.44505500 0.00517560308799
1510507135.69567500 0.00487871840596
1510507135.95282500 0.00552560715005
1510507135.119376500 0.00515541713685
1510507135.144674500 0.00517372507602
1510507135.169399500 0.00496980967
1510507135.194119500 0.00478881364688
1510507135.219054500 0.0044895671308
1510507135.244018500 0.00496089458466
1510507135.268993500 0.00518443621695
1510507135.294038500 0.0054242266342
1510507135.319007500 0.00475955381989
1510507135.343970500 0.00512429792434
1510507135.368892500 0.00539018167183
1510507135.393890500 0.00431702844799
1510507135.418769500 0.00438562687486
1510507135.443609500 0.00390598573722
1510507135.468615500 0.00373207009397
1510507135.493929500 0.00354553828947
1510507135.518626500 0.00302815111354
1510507135.543543500 0.0038654205855
1510507135.568509500 0.00365947303362
1510507135.593366500 0.00342652085237
1510507135.618443500 0.00272132875398
1510507135.643357500 0.00418349727988
1510507135.668310500 0.0034304021392
1510507135.693156500 0.00385536532849
1510507135.718083500 0.00360645935871
1510507135.743034500 0.00340083939955
1510507135.768025500 0.00160985067487
1510507135.792926500 0.000171370105818
1510507135.817892500 -0.000750843668357
1510507135.842855500 -0.00236016907729
1510507135.867808500 -0.00256616272964
1510507135.892779500 -0.00341254868545
1510507135.917809500 -0.00340205826797
1510507135.942730500 -0.00467330636457
1510507135.968731500 -0.00458938302472
1510507135.992593500 -0.00557929696515
1510507136.17613500 -0.00593883218244
1510507136.42636500 -0.00628072442487
1510507136.67706500 -0.00635844888166
1510507136.92409500 -0.00666553201154
1510507136.117362500 -0.00670320214704
1510507136.142341500 -0.00778419198468
1510507136.167382500 -0.00856382027268
1510507136.192431500 -0.00853759422898
1510507136.217151500 -0.00805265083909
1510507136.242320500 -0.00907260552049
1510507136.268349500 -0.00887376442552
1510507136.292103500 -0.00889855995774
1510507136.316955500 -0.00874692574143
1510507136.341923500 -0.00879842415452
1510507136.366868500 -0.00928527489305
1510507136.393535500 -0.00893193855882
1510507136.416764500 -0.00876933708787
1510507136.441987500 -0.0085795558989
1510507136.466710500 -0.0087073482573
1510507136.491893500 -0.00985366478562
1510507136.516611500 -0.00848275795579
1510507136.541528500 -0.00927526131272
1510507136.566529500 -0.00952798500657
1510507136.591560500 -0.00986701622605
1510507136.616399500 -0.00825339928269
1510507136.641447500 -0.00871211662889
1510507136.666538500 -0.00899106636643
1510507136.691268500 -0.00910741463304
1510507136.716324500 -0.00936347618699
1510507136.741195500 -0.00934535637498
1510507136.766465500 -0.0086811222136
1510507136.791412500 -0.00912887230515
1510507136.816384500 -0.00949174538255
1510507136.840974500 -0.00933057442307
1510507136.866147500 -0.0084107555449
1510507136.890969500 -0.00856811180711
1510507136.915968500 -0.00873262062669
1510507136.940805500 -0.00873834267259
1510507136.966274500 -0.00938827171922
1510507136.990726500 -0.00926858559251
1510507137.16173500 -0.00910932198167
1510507137.40593500 -0.00968438759446
1510507137.65548500 -0.00892955437303
1510507137.90495500 -0.0106781162322
1510507137.115578500 -0.0141790546477
1510507137.140413500 -0.0182798542082
1510507137.165533500 -0.0255125202239
1510507137.190603500 -0.0326793827116
1510507137.215378500 -0.0418723262846
1510507137.240259500 -0.0531132854521
1510507137.268177500 -0.063194103539
1510507137.290132500 -0.0771663859487
1510507137.315054500 -0.0888355448842
1510507137.340015500 -0.104610271752
1510507137.364980500 -0.119595833123
1510507137.389950500 -0.133756458759
1510507137.415758500 -0.147753059864
1510507137.439846500 -0.161909878254
1510507137.465029500 -0.173578083515
1510507137.489799500 -0.185595333576
1510507137.515697500 -0.197140991688
1510507137.539758500 -0.208113491535
1510507137.564710500 -0.217566788197
1510507137.589548500 -0.228563129902
1510507137.614576500 -0.235563099384
1510507137.641012500 -0.244667828083
1510507137.664871500 -0.252884209156
1510507137.689637500 -0.259393513203
1510507137.714353500 -0.266792595387
1510507137.739280500 -0.272815048695
1510507137.764480500 -0.28225594759
1510507137.789196500 -0.283073723316
1510507137.814227500 -0.286354362965
1510507137.839093500 -0.290651142597
1510507137.864540500 -0.294141590595
1510507137.889746500 -0.295514404774
1510507137.913939500 -0.292985260487
1510507137.938897500 -0.291130363941
1510507137.963959500 -0.291279137135
1510507137.988794500 -0.294512093067
1510507138.14332500 -0.287257969379
1510507138.38777500 -0.290078938007
1510507138.63689500 -0.287342846394
1510507138.88589500 -0.286093533039
1510507138.113570500 -0.283558666706
1510507138.138531500 -0.276967346668
1510507138.163463500 -0.275129139423
1510507138.188572500 -0.276336967945
1510507138.213532500 -0.277657806873
1510507138.238447500 -0.280419170856
1510507138.263422500 -0.281571686268
1510507138.288517500 -0.278075516224
1510507138.313233500 -0.279356300831
1510507138.338262500 -0.275672256947
1510507138.363227500 -0.274471580982
1510507138.388458500 -0.274983227253
1510507138.413173500 -0.275929272175
1510507138.438105500 -0.27524882555
1510507138.463149500 -0.274490654469
1510507138.489076500 -0.273868858814
1510507138.512810500 -0.274415791035
1510507138.537769500 -0.275955975056
1510507138.563003500 -0.275344669819
1510507138.588151500 -0.276161015034
1510507138.613096500 -0.28192025423
1510507138.637566500 -0.27871209383
1510507138.662806500 -0.279931366444
1510507138.687484500 -0.274587929249
1510507138.712435500 -0.275464832783
1510507138.737589500 -0.278998196125
1510507138.762423500 -0.280540764332
1510507138.787451500 -0.279175102711
1510507138.812352500 -0.281874001026
1510507138.837236500 -0.280828773975
1510507138.862189500 -0.280164062977
1510507138.888807500 -0.274086773396
1510507138.912059500 -0.27516824007
1510507138.937009500 -0.27549725771
1510507138.961944500 -0.275311768055
1510507138.987082500 -0.275665581226
1510507139.11843500 -0.274267494678
1510507139.36808500 -0.275745213032
1510507139.61770500 -0.277853310108
1510507139.86787500 -0.280795872211
1510507139.112188500 -0.278455555439
1510507139.136752500 -0.276195824146
1510507139.161780500 -0.27754431963
1510507139.186756500 -0.280672371387
1510507139.211625500 -0.280293762684
1510507139.236584500 -0.276792824268
1510507139.262195500 -0.276682674885
1510507139.286631500 -0.279912769794
1510507139.311338500 -0.275527775288
1510507139.336356500 -0.275723278522
1510507139.361242500 -0.274796307087
1510507139.386497500 -0.274934113026
1510507139.411217500 -0.276315033436
1510507139.436048500 -0.276964962482
1510507139.460997500 -0.275790035725
1510507139.485987500 -0.281265079975
1510507139.510930500 -0.27530413866
1510507139.535964500 -0.276315510273
1510507139.560856500 -0.28058797121
1510507139.586039500 -0.28280287981
1510507139.610752500 -0.283813297749
1510507139.635748500 -0.28577452898
1510507139.660797500 -0.281242191792
1510507139.685616500 -0.285768330097
1510507139.710713500 -0.286992847919
1510507139.735608500 -0.290101349354
1510507139.760647500 -0.292895615101
1510507139.785794500 -0.296554386616
1510507139.810391500 -0.295603096485
1510507139.835323500 -0.298597633839
1510507139.860275500 -0.301426708698
1510507139.885798500 -0.303299725056
1510507139.910178500 -0.306363880634
1510507139.935192500 -0.308336079121
1510507139.960309500 -0.311240017414
1510507139.985108500 -0.31629639864
1510507140.9957500 -0.320270836353
1510507140.34903500 -0.323879063129
1510507140.59870500 -0.32927685976
1510507140.84823500 -0.328397572041
1510507140.109737500 -0.333986580372
1510507140.134713500 -0.336969673634
1510507140.159750500 -0.336562931538
1510507140.184702500 -0.335843384266
1510507140.209560500 -0.335938751698
1510507140.234588500 -0.335771381855
1510507140.259699500 -0.332887470722
1510507140.284667500 -0.33281069994
1510507140.309414500 -0.328605949879
1510507140.334352500 -0.324354469776
1510507140.359526500 -0.324552834034
1510507140.386558500 -0.320306122303
1510507140.409191500 -0.314504444599
1510507140.434150500 -0.313343822956
1510507140.459178500 -0.30606585741
1510507140.484047500 -0.302165329456
1510507140.509086500 -0.294601261616
1510507140.533950500 -0.284499943256
1510507140.558911500 -0.278746902943
1510507140.583886500 -0.269975483418
1510507140.608817500 -0.259140789509
1510507140.633910500 -0.253365814686
1510507140.660750500 -0.245703995228
1510507140.683726500 -0.23848181963
1510507140.708704500 -0.230614483356
1510507140.733655500 -0.225144684315
1510507140.758945500 -0.215590298176
1510507140.783529500 -0.210044682026
1510507140.808477500 -0.207327187061
1510507140.833433500 -0.198930561543
1510507140.858783500 -0.193765938282
1510507140.883340500 -0.189102947712
1510507140.909763500 -0.186379253864
1510507140.933356500 -0.180940449238
1510507140.958391500 -0.176807701588
1510507140.983079500 -0.174964249134
1510507141.8043500 -0.170045673847
1510507141.33007500 -0.170008480549
1510507141.58066500 -0.165254414082
1510507141.83034500 -0.166437447071
1510507141.108006500 -0.164851009846
1510507141.134847500 -0.16591244936
1510507141.157809500 -0.164506733418
1510507141.182777500 -0.167534172535
1510507141.207978500 -0.168597519398
1510507141.233040500 -0.167288124561
1510507141.257608500 -0.170200169086
1510507141.282775500 -0.169328510761
1510507141.311783500 -0.165087521076
1510507141.332996500 -0.163682281971
1510507141.357396500 -0.159871399403
1510507141.382357500 -0.16042214632
1510507141.407456500 -0.153921425343
1510507141.432404500 -0.152417480946
1510507141.457986500 -0.146492779255
1510507141.482233500 -0.144030869007
1510507141.507245500 -0.140071690083
1510507141.532042500 -0.134492695332
1510507141.557207500 -0.130494892597
1510507141.581964500 -0.125753223896
1510507141.607057500 -0.118702240288
1510507141.631976500 -0.114931888878
1510507141.658634500 -0.112130470574
1510507141.681803500 -0.104294128716
1510507141.710380500 -0.0991233065724
1510507141.731729500 -0.0925377085805
1510507141.756681500 -0.0860098078847
1510507141.782408500 -0.0785849764943
1510507141.806682500 -0.0728576853871
1510507141.831484500 -0.0682237818837
1510507141.856428500 -0.0581410564482
1510507141.881479500 -0.0512641109526
1510507141.907579500 -0.0448163188994
1510507141.932164500 -0.0381506122649
1510507141.956250500 -0.0310176052153
1510507141.981211500 -0.024057213217
1510507142.6152500 -0.0159204639494
1510507142.31097500 -0.00833732262254
1510507142.56038500 -0.000649754190817
1510507142.81099500 0.00846869219095
1510507142.106308500 0.0161689184606
1510507142.130891500 0.022684790194
1510507142.155844500 0.0304005090147
1510507142.180804500 0.0384990535676
1510507142.205798500 0.0468016006052
1510507142.230869500 0.0541559308767
1510507142.255856500 0.0609631575644
1510507142.284394500 0.0704877972603
1510507142.305605500 0.0780691877007
1510507142.330535500 0.0855349004269
1510507142.355579500 0.0936162546277
1510507142.380438500 0.103044345975
1510507142.405566500 0.109512336552
1510507142.430356500 0.11755271256
1510507142.455843500 0.125301986933
1510507142.480228500 0.133080407977
1510507142.505327500 0.140559375286
1510507142.530153500 0.15069912374
1510507142.555122500 0.159474998713
1510507142.580062500 0.166336938739
1510507142.605133500 0.174436360598
1510507142.629996500 0.181905731559
1510507142.655281500 0.188534915447
1510507142.682875500 0.197854399681
1510507142.705138500 0.204300478101
1510507142.729783500 0.214395925403
1510507142.754842500 0.220556691289
1510507142.779754500 0.227896302938
1510507142.804796500 0.235758960247
1510507142.829683500 0.244093358517
1510507142.855160500 0.253343522549
1510507142.880049500 0.260080873966
1510507142.904406500 0.26634183526
1510507142.929406500 0.274333178997
1510507142.954562500 0.283613801003
1510507142.979363500 0.292000383139
1510507143.4365500 0.298958897591
1510507143.29335500 0.306145310402
1510507143.54533500 0.314552426338
1510507143.79114500 0.32175424695
1510507143.104302500 0.329979419708
1510507143.129008500 0.336529672146
1510507143.153964500 0.343375086784
1510507143.178913500 0.350882470608
1510507143.204569500 0.358236163855
1510507143.228911500 0.365546494722
1510507143.253777500 0.372232824564
1510507143.278737500 0.378408193588
1510507143.303717500 0.385103940964
1510507143.328865500 0.39251896739
1510507143.353554500 0.402481228113
1510507143.378584500 0.408764302731
1510507143.403484500 0.414918869734
1510507143.428448500 0.420513689518
1510507143.453772500 0.424360692501
1510507143.478746500 0.428732335567
1510507143.503283500 0.431990712881
1510507143.528844500 0.43482285738
1510507143.553161500 0.437278091908
1510507143.578113500 0.437876880169
1510507143.603049500 0.439771622419
1510507143.628020500 0.438644826412
1510507143.653006500 0.437947750092
1510507143.678507500 0.437180221081
1510507143.702872500 0.436143606901
1510507143.727943500 0.436181545258
1510507143.752933500 0.435722410679
1510507143.777742500 0.432387471199
1510507143.802722500 0.432989656925
1510507143.827715500 0.432832628489
1510507143.852654500 0.431714504957
1510507143.877603500 0.431892156601
1510507143.902493500 0.432333260775
1510507143.927450500 0.430996805429
1510507143.952400500 0.431756347418
1510507143.977446500 0.431931376457
1510507144.2314500 0.432646811008
1510507144.27401500 0.432458668947
1510507144.54921500 0.433347791433
1510507144.77154500 0.43420907855
1510507144.102096500 0.432106971741
1510507144.127045500 0.43250605464
1510507144.151993500 0.432831704617
1510507144.177094500 0.432763487101
1510507144.202117500 0.435381531715
1510507144.226848500 0.437302052975
1510507144.251808500 0.438104569912
1510507144.277620500 0.439991086721
1510507144.302182500 0.443962872028
1510507144.327661500 0.447750091553
1510507144.351692500 0.449827313423
1510507144.376843500 0.455083429813
1510507144.401646500 0.458719104528
1510507144.427003500 0.463583350182
1510507144.451551500 0.468251436949
1510507144.476780500 0.472600787878
1510507144.501366500 0.479442954063
1510507144.526533500 0.484361052513
1510507144.551298500 0.490154534578
1510507144.576223500 0.496447384357
1510507144.601166500 0.500112593174
1510507144.626421500 0.509267926216
1510507144.651184500 0.515094459057
1510507144.676239500 0.52049279213
1510507144.700999500 0.527838408947
1510507144.725933500 0.53321659565
1510507144.750907500 0.538912892342
1510507144.775901500 0.545449376106
1510507144.800812500 0.55104392767
1510507144.826040500 0.556120634079
1510507144.850903500 0.56410741806
1510507144.875933500 0.571458637714
1510507144.901264500 0.580822587013
1510507144.925740500 0.586845815182
1510507144.950880500 0.593788444996
1510507144.975592500 0.603081464767
1510507145.578500 0.607948303223
1510507145.25473500 0.616408586502
1510507145.50431500 0.622948229313
1510507145.75535500 0.631498157978
1510507145.100408500 0.641730248928
1510507145.126340500 0.648741185665
1510507145.150370500 0.65447807312
1510507145.175447500 0.662509918213
1510507145.200298500 0.669889092445
1510507145.224991500 0.676930606365
1510507145.249905500 0.685262024403
1510507145.275116500 0.693547189236
1510507145.303743500 0.699493467808
1510507145.325347500 0.707094073296
1510507145.349768500 0.715214371681
1510507145.375076500 0.724055767059
1510507145.399698500 0.730061948299
1510507145.424715500 0.738186120987
1510507145.450305500 0.744783580303
1510507145.474640500 0.752597928047
1510507145.499407500 0.759482860565
1510507145.524534500 0.768131792545
1510507145.549415500 0.775951445103
1510507145.574272500 0.783664524555
1510507145.599947500 0.789879500866
1510507145.624547500 0.797504365444
1510507145.649150500 0.805154085159
1510507145.674505500 0.811119437218
1510507145.699057500 0.819304943085
1510507145.724006500 0.826302468777
1510507145.749274500 0.831964731216
1510507145.773894500 0.840086996555
1510507145.798867500 0.846306979656
1510507145.823889500 0.854345738888
1510507145.848735500 0.860622048378
1510507145.873705500 0.865614771843
1510507145.898847500 0.872594356537
1510507145.923769500 0.878244400024
1510507145.948818500 0.881282269955
1510507145.973489500 0.884028315544
1510507145.998476500 0.887175381184
1510507146.23405500 0.890885651112
1510507146.53998500 0.89301276207
1510507146.73312500 0.892475783825
1510507146.98232500 0.894285261631
1510507146.123184500 0.891269922256
1510507146.148125500 0.889492630959
1510507146.173094500 0.88651996851
1510507146.198239500 0.885803341866
1510507146.222991500 0.88608533144
1510507146.248091500 0.884473919868
1510507146.273044500 0.884658873081
1510507146.298601500 0.884682357311
1510507146.322825500 0.887068450451
1510507146.348232500 0.889369904995
1510507146.373250500 0.885724067688
1510507146.398667500 0.888744711876
1510507146.422682500 0.892053365707
1510507146.447659500 0.890697658062
1510507146.475114500 0.894199371338
1510507146.497496500 0.896444678307
1510507146.522527500 0.898962020874
1510507146.547488500 0.902454853058
1510507146.572379500 0.903223574162
1510507146.597261500 0.908142209053
1510507146.622349500 0.913263201714
1510507146.647311500 0.91763317585
1510507146.672210500 0.921496212482
1510507146.697106500 0.924226045609
1510507146.722981500 0.930943965912
1510507146.747191500 0.933434128761
1510507146.771965500 0.939463198185
1510507146.796877500 0.945798277855
1510507146.821857500 0.951666116714
1510507146.846829500 0.95636433363
1510507146.871777500 0.962757229805
1510507146.896728500 0.969228625298
1510507146.921750500 0.974646508694
1510507146.946634500 0.978886425495
1510507146.971612500 0.984348714352
1510507146.997564500 0.991383254528
1510507147.22760500 0.995955049992
1510507147.46508500 1.00363373756
1510507147.71570500 1.00943207741
1510507147.96424500 1.01262879372
1510507147.121364500 1.01879286766
1510507147.146337500 1.02308499813
1510507147.171297500 1.03023433685
1510507147.196159500 1.03432893753
1510507147.221085500 1.04217576981
1510507147.246020500 1.0474704504
1510507147.270964500 1.05189800262
1510507147.295965500 1.05727565289
1510507147.322927500 1.06487262249
1510507147.346057500 1.07243013382
1510507147.370905500 1.07768762112
1510507147.395948500 1.08362162113
1510507147.420842500 1.08832883835
1510507147.446483500 1.09690582752
1510507147.470661500 1.10213279724
1510507147.495830500 1.10851955414
1510507147.522408500 1.11470293999
1510507147.546835500 1.12185454369
1510507147.570428500 1.12629771233
1510507147.598321500 1.13423478603
1510507147.620329500 1.13764441013
1510507147.646934500 1.14543843269
1510507147.670324500 1.15158641338
1510507147.695130500 1.15838479996
1510507147.720109500 1.16777718067
1510507147.745030500 1.17246353626
1510507147.769968500 1.17975342274
1510507147.797316500 1.18556416035
1510507147.819914500 1.19301402569
1510507147.844956500 1.20196008682
1510507147.869822500 1.20777904987
1510507147.894739500 1.21468794346
1510507147.920828500 1.22151482105
1510507147.944679500 1.22482264042
1510507147.969626500 1.23342931271
1510507147.994635500 1.2392090559
1510507148.19573500 1.24657523632
1510507148.45123500 1.25236558914
1510507148.69431500 1.25790548325
1510507148.94720500 1.26246249676
1510507148.119535500 1.26847219467
1510507148.144630500 1.27422237396
1510507148.169208500 1.28159546852
1510507148.195936500 1.2875534296
1510507148.219111500 1.29213964939
1510507148.244061500 1.30057358742
1510507148.271166500 1.30694806576
1510507148.294039500 1.3116133213
1510507148.318924500 1.31903803349
1510507148.343862500 1.32453286648
1510507148.368822500 1.33110880852
1510507148.393761500 1.33758413792
1510507148.418930500 1.34479606152
1510507148.443685500 1.35146677494
1510507148.468871500 1.35825645924
1510507148.493637500 1.36539375782
1510507148.519253500 1.37384974957
1510507148.543473500 1.38110017776
1510507148.568560500 1.38534998894
1510507148.593487500 1.39379000664
1510507148.618524500 1.39988327026
1510507148.643295500 1.40579879284
1510507148.668247500 1.41297972202
1510507148.693171500 1.4183819294
1510507148.718148500 1.42507004738
1510507148.743102500 1.43317687511
1510507148.768511500 1.43785429001
1510507148.793014500 1.44504117966
1510507148.817971500 1.45292294025
1510507148.842982500 1.45931458473
1510507148.867935500 1.46697533131
1510507148.892920500 1.47242176533
1510507148.918098500 1.47973108292
1510507148.942700500 1.48786723614
1510507148.967782500 1.49565434456
1510507148.992780500 1.50164043903
1510507149.17634500 1.51030230522
1510507149.42508500 1.51684939861
1510507149.67493500 1.52469468117
1510507149.92447500 1.53160107136
1510507149.117353500 1.53754913807
1510507149.142302500 1.54558682442
1510507149.167531500 1.55247867107
1510507149.192205500 1.55835819244
1510507149.217140500 1.56698167324
1510507149.242193500 1.57440984249
1510507149.267041500 1.57929706573
1510507149.293212500 1.5857656002
1510507149.316947500 1.59004473686
1510507149.341897500 1.59528815746
1510507149.366939500 1.59842407703
1510507149.391797500 1.60119438171
1510507149.417663500 1.60309910774
1510507149.441850500 1.60395908356
1510507149.466944500 1.60518753529
1510507149.492040500 1.60558140278
1510507149.516973500 1.60408079624
1510507149.541697500 1.60401558876
1510507149.566613500 1.60172200203
1510507149.591411500 1.6013276577
1510507149.616730500 1.60278189182
1510507149.641343500 1.60255992413
1510507149.666373500 1.60306799412
1510507149.691245500 1.60283100605
1510507149.716172500 1.60194075108
1510507149.741120500 1.60206449032
1510507149.766526500 1.60249984264
1510507149.791025500 1.60206520557
1510507149.815970500 1.60356879234
1510507149.841474500 1.6026455164
1510507149.866207500 1.60280776024
1510507149.890862500 1.60255622864
1510507149.915876500 1.60207343102
1510507149.940727500 1.60240542889
1510507149.965954500 1.60291171074
1510507149.990666500 1.60220050812
1510507150.15667500 1.60130798817
1510507150.40629500 1.60347139835
1510507150.66347500 1.60337245464
1510507150.90759500 1.60421693325
1510507150.115385500 1.60725080967
1510507150.140333500 1.61001813412
1510507150.165582500 1.61202573776
1510507150.190256500 1.61446535587
1510507150.215489500 1.61646020412
1510507150.240496500 1.61951625347
1510507150.266775500 1.62301516533
1510507150.290105500 1.62494063377
1510507150.315738500 1.63089346886
1510507150.340201500 1.63431870937
1510507150.366383500 1.63929605484
1510507150.389896500 1.64444899559
1510507150.415891500 1.64937210083
1510507150.440058500 1.65537500381
1510507150.464715500 1.66051805019
1510507150.489676500 1.66624605656
1510507150.515046500 1.67056035995
1510507150.539727500 1.67715787888
1510507150.564713500 1.68279922009
1510507150.589501500 1.68885505199
1510507150.614529500 1.6952726841
1510507150.639496500 1.70113837719
1510507150.666741500 1.7077344656
1510507150.689588500 1.71368408203
1510507150.714242500 1.71963179111
1510507150.739355500 1.72646450996
1510507150.764469500 1.7324154377
1510507150.789064500 1.73679041862
1510507150.813992500 1.73772883415
1510507150.838981500 1.73766756058
1510507150.863931500 1.73539626598
1510507150.888888500 1.73541903496
1510507150.913830500 1.73511016369
1510507150.938878500 1.73645746708
1510507150.966131500 1.73552703857
1510507150.988945500 1.73580348492
1510507151.13703500 1.73604738712
1510507151.38683500 1.73690485954
1510507151.63638500 1.73648774624
1510507151.88497500 1.73590922356
1510507151.113440500 1.73722147942
1510507151.138712500 1.73724603653
1510507151.163346500 1.73783004284
1510507151.188407500 1.73778271675
1510507151.213214500 1.73760271072
1510507151.238177500 1.73761761189
1510507151.263135500 1.73801386356
1510507151.288309500 1.73972308636
1510507151.313101500 1.74477899075
1510507151.338121500 1.74997472763
1510507151.363281500 1.75271713734
1510507151.387900500 1.75420761108
1510507151.412862500 1.75571072102
1510507151.438160500 1.75528073311
1510507151.462859500 1.75434887409
1510507151.487712500 1.75529885292
1510507151.512649500 1.75361740589
1510507151.537658500 1.75388872623
1510507151.562589500 1.75317597389
1510507151.587779500 1.7531247139
1510507151.612585500 1.75311136246
1510507151.637729500 1.75241923332
1510507151.662492500 1.75237262249
1510507151.687351500 1.75204670429
1510507151.712693500 1.75225484371
1510507151.737351500 1.75291335583
1510507151.762332500 1.75218772888
1510507151.787356500 1.75368833542
1510507151.813583500 1.75281858444
1510507151.837056500 1.75360310078
1510507151.862085500 1.75311148167
1510507151.886924500 1.75391876698
1510507151.912197500 1.75261378288
1510507151.936828500 1.75259780884
1510507151.961812500 1.75365519524
1510507151.986747500 1.75391376019
1510507152.11682500 1.75387632847
1510507152.37623500 1.75521302223
1510507152.61708500 1.75700485706
1510507152.86602500 1.75971865654
1510507152.111458500 1.7624553442
1510507152.136421500 1.76691102982
1510507152.161368500 1.77032983303
1510507152.186448500 1.7752238512
1510507152.211295500 1.78057682514
1510507152.236444500 1.78555583954
1510507152.261186500 1.79236996174
1510507152.286124500 1.79793941975
1510507152.311089500 1.8049851656
1510507152.336040500 1.81128430367
1510507152.360994500 1.81981694698
1510507152.385937500 1.82692193985
1510507152.410903500 1.83627152443
1510507152.435929500 1.84377241135
1510507152.460901500 1.85177981853
1510507152.487470500 1.85951650143
1510507152.510699500 1.86752235889
1510507152.536120500 1.87808692455
1510507152.561091500 1.8868253231
1510507152.585983500 1.89595854282
1510507152.610926500 1.90562427044
1510507152.635488500 1.91508579254
1510507152.661512500 1.92328834534
1510507152.685875500 1.93403422832
1510507152.710410500 1.94542098045
1510507152.735266500 1.95520317554
1510507152.760327500 1.96479296684
1510507152.785302500 1.97574543953
1510507152.810507500 1.98637199402
1510507152.835242500 1.9974783659
1510507152.860019500 2.00784683228
1510507152.885069500 2.01923561096
1510507152.909941500 2.02940273285
1510507152.934885500 2.03982424736
1510507152.959924500 2.05113697052
1510507152.984823500 2.06047201157
1510507153.12587500 2.07020974159
1510507153.34791500 2.08082270622
1510507153.59632500 2.09107494354
1510507153.84783500 2.10037755966
1510507153.109603500 2.10916376114
1510507153.134480500 2.12040710449
1510507153.159829500 2.12996935844
1510507153.184483500 2.14061498642
1510507153.210808500 2.15238642693
1510507153.234290500 2.16240906715
1510507153.259265500 2.17286467552
1510507153.284752500 2.18257665634
1510507153.309134500 2.19216442108
1510507153.334074500 2.2032365799
1510507153.359169500 2.21385145187
1510507153.384150500 2.22252845764
1510507153.410612500 2.23176980019
1510507153.433893500 2.24290680885
1510507153.459066500 2.25237107277
1510507153.486361500 2.26240754128
1510507153.509508500 2.27253365517
1510507153.533681500 2.28304338455
1510507153.558644500 2.29199934006
1510507153.583635500 2.30314517021
1510507153.608585500 2.31276917458
1510507153.633495500 2.32225298882
1510507153.658468500 2.3323328495
1510507153.683415500 2.34180021286
1510507153.708662500 2.35165452957
1510507153.733306500 2.35994434357
1510507153.758276500 2.36843061447
1510507153.784074500 2.37804079056
1510507153.808154500 2.38861870766
1510507153.833466500 2.39802575111
1510507153.858430500 2.40857458115
1510507153.883026500 2.41981744766
1510507153.908058500 2.42863249779
1510507153.933025500 2.4376475811
1510507153.957873500 2.44731140137
1510507153.982977500 2.45709848404
1510507154.7761500 2.46568894386
1510507154.32710500 2.4745156765
1510507154.57688500 2.48467183113
1510507154.83177500 2.49376893044
1510507154.107732500 2.50363135338
1510507154.132574500 2.51229166985
1510507154.157534500 2.5232064724
1510507154.182917500 2.53307771683
1510507154.207392500 2.54279541969
1510507154.232437500 2.55298829079
1510507154.257466500 2.56210565567
1510507154.282501500 2.57403922081
1510507154.308782500 2.58448171616
1510507154.332663500 2.59361934662
1510507154.357176500 2.60453295708
1510507154.382056500 2.61415147781
1510507154.407224500 2.62334394455
1510507154.431943500 2.63211202621
1510507154.456901500 2.64280104637
1510507154.481939500 2.65185022354
1510507154.506780500 2.66207289696
1510507154.531728500 2.67155265808
1510507154.557603500 2.67960000038
1510507154.581693500 2.68940067291
1510507154.607416500 2.69941902161
1510507154.631602500 2.71059012413
1510507154.656898500 2.71894645691
1510507154.681539500 2.72929239273
1510507154.706442500 2.73870182037
1510507154.732963500 2.74904823303
1510507154.756420500 2.75913476944
1510507154.782218500 2.77013921738
1510507154.806946500 2.77910447121
1510507154.831150500 2.78849387169
1510507154.858048500 2.79650449753
1510507154.881065500 2.80659484863
1510507154.905995500 2.81680631638
1510507154.930940500 2.82555913925
1510507154.955886500 2.83294773102
1510507154.980825500 2.83844852448
1510507155.6019500 2.84260416031
1510507155.30718500 2.84679174423
1510507155.55690500 2.8492603302
1510507155.80819500 2.85048294067
1510507155.105642500 2.85189270973
1510507155.130750500 2.85180497169
1510507155.155660500 2.85341358185
1510507155.180504500 2.85475230217
1510507155.205597500 2.85473418236
1510507155.230356500 2.85710978508
1510507155.255296500 2.85815167427
1510507155.280555500 2.86023688316
1510507155.305406500 2.86145448685
1510507155.330187500 2.86122298241
1510507155.355194500 2.86365294456
1510507155.380674500 2.86640453339
1510507155.405010500 2.86694765091
1510507155.429941500 2.86817288399
1510507155.454894500 2.86867880821
1510507155.480167500 2.86931419373
1510507155.505127500 2.87095975876
1510507155.529761500 2.87106537819
1510507155.554730500 2.87056350708
1510507155.580224500 2.87136697769
1510507155.604753500 2.87259149551
1510507155.629667500 2.87342762947
1510507155.655193500 2.8751013279
1510507155.679625500 2.8753490448
1510507155.704436500 2.87554717064
1510507155.729392500 2.87663888931
1510507155.754348500 2.87747001648
1510507155.779389500 2.87809157372
1510507155.804560500 2.87977361679
1510507155.829187500 2.88045787811
1510507155.854169500 2.88410162926
1510507155.879055500 2.88586211205
1510507155.904021500 2.88923192024
1510507155.928982500 2.88761639595
1510507155.954110500 2.88983559608
1510507155.978992500 2.88924837112
1510507156.3862500 2.89300012589
1510507156.30485500 2.8924434185
1510507156.53810500 2.89363431931
1510507156.78833500 2.89432001114
1510507156.103750500 2.89443445206
1510507156.128643500 2.89644622803
1510507156.154692500 2.89606380463
1510507156.178606500 2.89594388008
1510507156.203829500 2.89691352844
1510507156.229789500 2.89671945572
1510507156.253659500 2.89657974243
1510507156.278431500 2.8988931179
1510507156.303434500 2.89691495895
1510507156.328345500 2.89848446846
1510507156.353290500 2.89834308624
1510507156.379347500 2.89986729622
1510507156.403400500 2.89858531952
1510507156.428304500 2.8996720314
1510507156.452924500 2.90061187744
1510507156.477863500 2.90112066269
1510507156.503160500 2.90223431587
1510507156.527802500 2.9030122757
1510507156.553812500 2.90381741524
1510507156.577792500 2.90358042717
1510507156.603890500 2.90424871445
1510507156.627847500 2.90378189087
1510507156.652552500 2.90601754189
1510507156.677647500 2.90510559082
1510507156.702823500 2.9032869339
1510507156.727380500 2.90374112129
1510507156.752495500 2.90242981911
1510507156.777405500 2.9014954567
1510507156.802233500 2.90061044693
1510507156.827317500 2.90130758286
1510507156.852133500 2.89984703064
1510507156.877080500 2.89871501923
1510507156.902359500 2.89901566505
1510507156.927403500 2.89666700363
1510507156.952760500 2.89450478554
1510507156.976991500 2.89253330231
1510507157.1835500 2.89185404778
1510507157.26795500 2.88848185539
1510507157.51737500 2.88599514961
1510507157.76695500 2.88477039337
1510507157.101658500 2.88137578964
1510507157.126623500 2.87878608704
1510507157.151622500 2.87708187103
1510507157.177343500 2.87718868256
1510507157.201449500 2.87240862846
1510507157.227976500 2.87234640121
1510507157.251428500 2.87084841728
1510507157.276460500 2.86904716492
1510507157.301283500 2.8688287735
1510507157.326442500 2.86899733543
1510507157.355162500 2.86706495285
1510507157.376094500 2.86635351181
1510507157.401038500 2.86479687691
1510507157.426315500 2.86481595039
1510507157.451045500 2.86485314369
1510507157.475945500 2.86347532272
1510507157.500949500 2.86252951622
1510507157.526172500 2.86158943176
1510507157.550907500 2.86226892471
1510507157.575909500 2.85997986794
1510507157.600659500 2.86029529572
1510507157.625745500 2.86187672615
1510507157.650635500 2.86202740669
1510507157.675579500 2.86144351959
1510507157.700451500 2.8616399765
1510507157.725443500 2.86165928841
1510507157.750383500 2.86159682274
1510507157.775315500 2.86185359955
1510507157.800275500 2.86390376091
1510507157.825457500 2.8637444973
1510507157.850162500 2.86296725273
1510507157.875120500 2.86335659027
1510507157.900064500 2.863519907
1510507157.925277500 2.86486530304
1510507157.951721500 2.86459422112
1510507157.974933500 2.86469864845
1510507158.9500 2.86593651772
1510507158.25696500 2.86391735077
1510507158.52969500 2.86455106735
1510507158.74687500 2.86498451233
1510507158.99643500 2.86532473564
1510507158.124846500 2.86558938026
1510507158.149769500 2.86518621445
1510507158.174553500 2.86467218399
1510507158.199575500 2.86462640762
1510507158.224749500 2.86473655701
1510507158.250506500 2.86472439766
1510507158.275826500 2.86570239067
1510507158.299459500 2.86437177658
1510507158.324305500 2.86401081085
1510507158.351152500 2.86465620995
1510507158.374153500 2.86441206932
1510507158.399062500 2.8652484417
1510507158.424030500 2.8655128479
1510507158.450991500 2.86526942253
1510507158.473947500 2.86613082886
1510507158.498995500 2.86533975601
1510507158.523842500 2.86628651619
1510507158.550090500 2.8666639328
1510507158.573739500 2.86699676514
1510507158.598689500 2.86653637886
1510507158.623663500 2.86743760109
1510507158.649272500 2.86752319336
1510507158.673619500 2.86763095856
1510507158.698569500 2.86611938477
1510507158.723463500 2.86883282661
1510507158.749660500 2.8690431118
1510507158.773443500 2.86930584908
1510507158.798294500 2.86938214302
1510507158.823238500 2.86842393875
1510507158.848193500 2.87006783485
1510507158.873161500 2.87104320526
1510507158.898746500 2.87077188492
1510507158.923026500 2.87120127678
1510507158.948056500 2.87251138687
1510507158.972958500 2.87121772766
1510507158.997899500 2.87172222137
1510507159.22867500 2.87270021439
1510507159.47898500 2.87242770195
1510507159.73323500 2.87269711494
1510507159.104413500 2.87263536453
1510507159.122621500 2.87258338928
1510507159.147688500 2.87346720695
1510507159.172638500 2.873493433
1510507159.199184500 2.87462496758
1510507159.222438500 2.8742275238
1510507159.247468500 2.87566280365
1510507159.272566500 2.87528038025
1510507159.297413500 2.87496161461
1510507159.322297500 2.8774933815
1510507159.347217500 2.87734127045
1510507159.372156500 2.8773124218
1510507159.397104500 2.87813043594
1510507159.422081500 2.87722873688
1510507159.447030500 2.87663769722
1510507159.472072500 2.87687301636
1510507159.497157500 2.87749791145
1510507159.521898500 2.87677168846
1510507159.548416500 2.87682080269
1510507159.573936500 2.87713456154
1510507159.596960500 2.87653923035
1510507159.622136500 2.8768260479
1510507159.646696500 2.87712264061
1510507159.671704500 2.87830996513
1510507159.696989500 2.87869715691
1510507159.721453500 2.87655186653
1510507159.747445500 2.87817764282
1510507159.771372500 2.87715768814
1510507159.796299500 2.87545490265
1510507159.821264500 2.87523150444
1510507159.846187500 2.87455010414
1510507159.871884500 2.87423205376
1510507159.896283500 2.87257623672
1510507159.921167500 2.87253236771
1510507159.946970500 2.87252688408
1510507159.971058500 2.87144303322
1510507159.995913500 2.8719496727
1510507160.21078500 2.87247490883
1510507160.45910500 2.87220263481
1510507160.70755500 2.87237882614
1510507160.96297500 2.87040734291
1510507160.121241500 2.87108874321
1510507160.146823500 2.8701467514
1510507160.170582500 2.86990690231
1510507160.195520500 2.86958813667
1510507160.220441500 2.8697488308
1510507160.245475500 2.86922860146
1510507160.270345500 2.86874604225
1510507160.295514500 2.86781692505
1510507160.320344500 2.8686747551
1510507160.345269500 2.868891716
1510507160.370245500 2.86842536926
1510507160.395112500 2.86871600151
1510507160.420043500 2.86863350868
1510507160.446363500 2.86741447449
1510507160.470062500 2.86703634262
1510507160.494933500 2.86641049385
1510507160.520201500 2.86606621742
1510507160.545147500 2.86513185501
1510507160.569804500 2.86499238014
1510507160.594740500 2.86491727829
1510507160.620142500 2.86369180679
1510507160.645468500 2.86490440369
1510507160.670139500 2.8638010025
1510507160.694621500 2.86366295815
1510507160.721050500 2.86291217804
1510507160.744739500 2.86388540268
1510507160.769351500 2.86291980743
1510507160.794399500 2.86232924461
1510507160.819254500 2.86220979691
1510507160.844205500 2.86303782463
1510507160.869137500 2.86318206787
1510507160.894228500 2.86340284348
1510507160.919041500 2.86348485947
1510507160.944005500 2.86326241493
1510507160.969055500 2.86273741722
1510507160.994011500 2.86269259453
1510507161.20329500 2.86301112175
1510507161.43913500 2.86284184456
1510507161.69519500 2.86182904243
1510507161.93688500 2.86211681366
1510507161.118653500 2.86306977272
1510507161.143598500 2.86218619347
1510507161.168593500 2.86249446869
1510507161.193597500 2.862616539
1510507161.218534500 2.8630194664
1510507161.243391500 2.86319184303
1510507161.268347500 2.86200642586
1510507161.293317500 2.86189341545
1510507161.318250500 2.86162018776
1510507161.343219500 2.86171412468
1510507161.368799500 2.86100149155
1510507161.395334500 2.86039566994
1510507161.418076500 2.86015701294
1510507161.443041500 2.85986185074
1510507161.467959500 2.85944485664
1510507161.492918500 2.85777688026
1510507161.518204500 2.85808324814
1510507161.542821500 2.85657858849
1510507161.567773500 2.85626459122
1510507161.592712500 2.85511231422
1510507161.618131500 2.85477471352
1510507161.643700500 2.85471105576
1510507161.668558500 2.85353732109
1510507161.692722500 2.85175943375
1510507161.718729500 2.85194563866
1510507161.742603500 2.85011577606
1510507161.768212500 2.84888529778
1510507161.792305500 2.84909176826
1510507161.817260500 2.84738445282
1510507161.842227500 2.84657382965
1510507161.867597500 2.84547162056
1510507161.892149500 2.84496593475
1510507161.917209500 2.84417152405
1510507161.942048500 2.84395289421
1510507161.969126500 2.84303116798
1510507161.991943500 2.84234833717
1510507162.18173500 2.84168076515
1510507162.41954500 2.8407907486
1510507162.66781500 2.83990573883
1510507162.91903500 2.83800005913
1510507162.116644500 2.83717012405
1510507162.141590500 2.83708524704
1510507162.167174500 2.83589577675
1510507162.191571500 2.83488249779
1510507162.216874500 2.83450102806
1510507162.241404500 2.83329510689
1510507162.266364500 2.83289265633
1510507162.291326500 2.83084344864
1510507162.316379500 2.82847905159
1510507162.341207500 2.82823443413
1510507162.366263500 2.82605290413
1510507162.391135500 2.82590985298
1510507162.416081500 2.82370424271
1510507162.441549500 2.82189941406
1510507162.466078500 2.82053828239
1510507162.491006500 2.81988573074
1510507162.516576500 2.81827449799
1510507162.540821500 2.81815004349
1510507162.565802500 2.8168258667
1510507162.591205500 2.8173353672
1510507162.615762500 2.81485891342
1510507162.640621500 2.81496095657
1510507162.665685500 2.81472969055
1510507162.690590500 2.81339693069
1510507162.716428500 2.81222820282
1510507162.740408500 2.81097960472
1510507162.765849500 2.81050395966
1510507162.790385500 2.80996966362
1510507162.815476500 2.80859351158
1510507162.840258500 2.81004238129
1510507162.865177500 2.80889797211
1510507162.890122500 2.8075568676
1510507162.915403500 2.80655694008
1510507162.940037500 2.80581903458
1510507162.964964500 2.80549049377
1510507162.990711500 2.80547833443
1510507163.14897500 2.80372309685
1510507163.39813500 2.80283665657
1510507163.64753500 2.80171751976
1510507163.89923500 2.80362057686
1510507163.114770500 2.80454897881
1510507163.139851500 2.80490136147
1510507163.165241500 2.80506658554
1510507163.190015500 2.80560135841
1510507163.214866500 2.80787277222
1510507163.240277500 2.80785369873
1510507163.264716500 2.80959916115
1510507163.289344500 2.8120162487
1510507163.314254500 2.81437325478
1510507163.339211500 2.81780719757
1510507163.365529500 2.82033157349
1510507163.389134500 2.82577037811
1510507163.414301500 2.82800626755
1510507163.438990500 2.82977795601
1510507163.463952500 2.83411741257
1510507163.488922500 2.83927035332
1510507163.513850500 2.84721875191
1510507163.538917500 2.85548233986
1510507163.563758500 2.86156892776
1510507163.588826500 2.87060594559
1510507163.613779500 2.87761211395
1510507163.638619500 2.88578605652
1510507163.663556500 2.89691615105
1510507163.688582500 2.90335154533
1510507163.713512500 2.9142241478
1510507163.738497500 2.92382621765
1510507163.763845500 2.93204808235
1510507163.788336500 2.94099712372
1510507163.813486500 2.95172953606
1510507163.838223500 2.96223950386
1510507163.863194500 2.97382855415
1510507163.888129500 2.9857468605
1510507163.913065500 2.996925354
1510507163.938025500 3.00832796097
1510507163.962984500 3.01886963844
1510507163.987951500 3.03022003174
1510507164.12885500 3.04156708717
1510507164.37870500 3.0523648262
1510507164.63224500 3.06260204315
1510507164.87729500 3.07315993309
1510507164.112755500 3.08508419991
1510507164.137624500 3.09660124779
1510507164.162563500 3.10771203041
1510507164.187554500 3.11785817146
1510507164.212647500 3.12944364548
1510507164.237664500 3.13987803459
1510507164.262374500 -3.13267254829
1510507164.289460500 -3.12153458595
1510507164.313048500 -3.11113381386
1510507164.337722500 -3.09990262985
1510507164.362280500 -3.0900323391
1510507164.387253500 -3.0794403553
1510507164.412213500 -3.068826437
1510507164.437577500 -3.05503559113
1510507164.462106500 -3.04361391068
1510507164.487297500 -3.0325012207
1510507164.512149500 -3.02211165428
1510507164.537307500 -3.00947475433
1510507164.561891500 -2.99941253662
1510507164.586781500 -2.98834061623
1510507164.611679500 -2.97662758827
1510507164.636665500 -2.96537518501
1510507164.663161500 -2.95503139496
1510507164.686794500 -2.94319701195
1510507164.711590500 -2.93133282661
1510507164.736880500 -2.91953611374
1510507164.761817500 -2.90685653687
1510507164.786788500 -2.89480352402
1510507164.811294500 -2.88507986069
1510507164.836252500 -2.87296819687
1510507164.861362500 -2.86038923264
1510507164.886165500 -2.8485326767
1510507164.911205500 -2.8357219696
1510507164.936153500 -2.8236322403
1510507164.960990500 -2.81120204926
1510507164.986171500 -2.79908537865
1510507165.10905500 -2.78593182564
1510507165.35844500 -2.77259063721
1510507165.60926500 -2.76283431053
1510507165.85887500 -2.74666833878
1510507165.110664500 -2.73743009567
1510507165.135627500 -2.72608280182
1510507165.160646500 -2.71151304245
1510507165.185582500 -2.69908809662
1510507165.210551500 -2.68653845787
1510507165.236951500 -2.67418646812
1510507165.260540500 -2.66143727303
1510507165.285955500 -2.65022826195
1510507165.310367500 -2.63745617867
1510507165.335684500 -2.62414979935
1510507165.360204500 -2.6125998497
1510507165.385174500 -2.59905171394
1510507165.410309500 -2.58732962608
1510507165.435056500 -2.57570552826
1510507165.460010500 -2.56318926811
1510507165.485526500 -2.55063962936
1510507165.510163500 -2.54053544998
1510507165.535331500 -2.52702021599
1510507165.559830500 -2.5184276104
1510507165.585642500 -2.50422525406
1510507165.609713500 -2.4923722744
1510507165.634826500 -2.48066449165
1510507165.659616500 -2.46943759918
1510507165.686382500 -2.45777463913
1510507165.709670500 -2.44699645042
1510507165.734489500 -2.43548464775
1510507165.759571500 -2.42044210434
1510507165.784935500 -2.41074609756
1510507165.810197500 -2.39641261101
1510507165.834917500 -2.38564395905
1510507165.859234500 -2.37582564354
1510507165.885663500 -2.36271500587
1510507165.909235500 -2.35299539566
1510507165.934688500 -2.34554362297
1510507165.958995500 -2.33804106712
1510507165.984058500 -2.32271814346
1510507166.9013500 -2.31333851814
1510507166.33955500 -2.3056178093
1510507166.58833500 -2.29167127609
1510507166.83750500 -2.28211760521
1510507166.109064500 -2.27342677116
1510507166.133967500 -2.26331830025
1510507166.158604500 -2.24919915199
1510507166.183674500 -2.23934960365
1510507166.208880500 -2.23192572594
1510507166.233493500 -2.2212665081
1510507166.258495500 -2.21072077751
1510507166.283359500 -2.19843935966
1510507166.308338500 -2.18838000298
1510507166.333358500 -2.1789252758
1510507166.358401500 -2.16820597649
1510507166.383284500 -2.15785622597
1510507166.408107500 -2.14782881737
1510507166.433025500 -2.13658928871
1510507166.457970500 -2.12442135811
1510507166.482924500 -2.11487460136
1510507166.507863500 -2.10952877998
1510507166.533044500 -2.10573554039
1510507166.557888500 -2.10722994804
1510507166.583075500 -2.10598778725
1510507166.607701500 -2.10514903069
1510507166.633187500 -2.10539507866
1510507166.657586500 -2.10604548454
1510507166.682561500 -2.10563635826
1510507166.707756500 -2.10085320473
1510507166.732512500 -2.09318423271
1510507166.757487500 -2.08334136009
1510507166.782338500 -2.07511925697
1510507166.807309500 -2.06262803078
1510507166.832246500 -2.05103039742
1510507166.857197500 -2.04132294655
1510507166.882164500 -2.0277493
1510507166.907247500 -2.01844477654
1510507166.932367500 -2.00729107857
1510507166.957812500 -1.99817073345
1510507166.982085500 -1.98763978481
1510507167.6954500 -1.97667634487
1510507167.31905500 -1.96640813351
1510507167.57211500 -1.95547378063
1510507167.81826500 -1.94302976131
1510507167.106813500 -1.93426930904
1510507167.131787500 -1.92389905453
1510507167.156812500 -1.9113663435
1510507167.181677500 -1.9021075964
1510507167.207330500 -1.89166629314
1510507167.231870500 -1.87841165066
1510507167.256504500 -1.87058150768
1510507167.281539500 -1.85904538631
1510507167.306451500 -1.85299289227
1510507167.331817500 -1.84994924068
1510507167.356467500 -1.847037673
1510507167.381381500 -1.84430253506
1510507167.406356500 -1.84112298489
1510507167.431390500 -1.83989322186
1510507167.456340500 -1.83691442013
1510507167.481198500 -1.83224284649
1510507167.505891500 -1.82997357845
1510507167.530831500 -1.83098113537
1510507167.557233500 -1.82500493526
1510507167.580753500 -1.8230561018
1510507167.605929500 -1.82184827328
1510507167.630756500 -1.8203753233
1510507167.655691500 -1.81748092175
1510507167.680523500 -1.81395566463
1510507167.705523500 -1.81264102459
1510507167.730448500 -1.80988633633
1510507167.756012500 -1.80741345882
1510507167.780735500 -1.80243766308
1510507167.805262500 -1.79749619961
1510507167.830409500 -1.79224479198
1510507167.855261500 -1.7850164175
1510507167.881372500 -1.781047225
1510507167.905623500 -1.77558887005
1510507167.930374500 -1.77042090893
1510507167.955027500 -1.76697337627
1510507167.979941500 -1.7636307478
1510507168.4928500 -1.76041781902
1510507168.29870500 -1.75675952435
1510507168.55080500 -1.75462090969
1510507168.79840500 -1.75250804424
1510507168.106259500 -1.75003993511
1510507168.129729500 -1.75126254559
1510507168.154577500 -1.75135695934
1510507168.179869500 -1.74855029583
1510507168.204524500 -1.75022256374
1510507168.230200500 -1.75140845776
1510507168.254414500 -1.75133788586
1510507168.283269500 -1.75079619884
1510507168.305010500 -1.75022828579
1510507168.329211500 -1.75210416317
1510507168.355160500 -1.75183951855
1510507168.379115500 -1.74997937679
1510507168.404061500 -1.75151526928
1510507168.429121500 -1.75131595135
1510507168.454073500 -1.7514976263
1510507168.479019500 -1.75077569485
1510507168.503904500 -1.75133168697
1510507168.528876500 -1.75112140179
1510507168.553787500 -1.75133979321
1510507168.578767500 -1.75043141842
1510507168.603784500 -1.74996125698
1510507168.628748500 -1.75166785717
1510507168.653604500 -1.74906480312
1510507168.682031500 -1.74789655209
1510507168.703556500 -1.74732482433
1510507168.728445500 -1.74371755123
1510507168.753417500 -1.7431563139
1510507168.778605500 -1.73985946178
1510507168.803314500 -1.73723018169
1510507168.829095500 -1.73462474346
1510507168.854066500 -1.73050820827
1510507168.878132500 -1.72593009472
1510507168.903036500 -1.72339046001
1510507168.928128500 -1.71723926067
1510507168.952949500 -1.7124055624
1510507168.978118500 -1.70875394344
1510507169.2862500 -1.70337474346
1510507169.27843500 -1.69866073132
1510507169.52811500 -1.69368588924
1510507169.77830500 -1.68848931789
1510507169.102697500 -1.6847165823
1510507169.127760500 -1.67907512188
1510507169.155913500 -1.67314231396
1510507169.177556500 -1.66723811626
1510507169.202638500 -1.66203916073
1510507169.227607500 -1.65538966656
1510507169.252392500 -1.6488417387
1510507169.277361500 -1.64191567898
1510507169.302292500 -1.63581216335
1510507169.327241500 -1.62922990322
1510507169.352191500 -1.62204635143
1510507169.377555500 -1.61580598354
1510507169.402189500 -1.60858094692
1510507169.426988500 -1.60157477856
1510507169.452172500 -1.59525191784
1510507169.477023500 -1.59079778194
1510507169.501958500 -1.58434092999
1510507169.526931500 -1.57954967022
1510507169.552000500 -1.57258784771
1510507169.576693500 -1.56637704372
1510507169.601650500 -1.56081998348
1510507169.626707500 -1.55373227596
1510507169.651563500 -1.54780423641
1510507169.676546500 -1.54219186306
1510507169.701523500 -1.53568065166
1510507169.726484500 -1.52940452099
1510507169.751430500 -1.52265155315
1510507169.776356500 -1.51673781872
1510507169.801378500 -1.50889956951
1510507169.826201500 -1.50193679333
1510507169.851147500 -1.49494826794
1510507169.876409500 -1.48824298382
1510507169.901088500 -1.48097407818
1510507169.926047500 -1.47498118877
1510507169.950985500 -1.46713340282
1510507169.975950500 -1.45895850658
1510507170.2761500 -1.45305430889
1510507170.26170500 -1.44599997997
1510507170.50777500 -1.43887078762
1510507170.76457500 -1.43375003338
1510507170.100658500 -1.426451087
1510507170.125628500 -1.41986072063
1510507170.151040500 -1.41386783123
1510507170.175679500 -1.40744292736
1510507170.200541500 -1.40085732937
1510507170.225491500 -1.39389026165
1510507170.251682500 -1.38695132732
1510507170.276721500 -1.37971627712
1510507170.300307500 -1.37266004086
1510507170.325224500 -1.36553943157
1510507170.350284500 -1.35782468319
1510507170.375230500 -1.34909808636
1510507170.402277500 -1.34221971035
1510507170.425051500 -1.33429563046
1510507170.450097500 -1.32704675198
1510507170.475047500 -1.32112872601
1510507170.499878500 -1.31308972836
1510507170.525285500 -1.30610692501
1510507170.549783500 -1.29879415035
1510507170.575384500 -1.29212129116
1510507170.600144500 -1.28418719769
1510507170.625409500 -1.27778375149
1510507170.650543500 -1.2687100172
1510507170.675036500 -1.26279675961
1510507170.699534500 -1.25588309765
1510507170.724784500 -1.2478069067
1510507170.749583500 -1.23833978176
1510507170.774336500 -1.23137891293
1510507170.801603500 -1.22334468365
1510507170.825850500 -1.21437871456
1510507170.849459500 -1.20748317242
1510507170.874591500 -1.19996297359
1510507170.899185500 -1.19235122204
1510507170.924273500 -1.18279588223
1510507170.949094500 -1.17519462109
1510507170.974073500 -1.16666066647
1510507171.1232500 -1.1590975523
1510507171.23913500 -1.15034282207
1510507171.48800500 -1.14311683178
1510507171.73746500 -1.13419091702
1510507171.98702500 -1.12675368786
1510507171.123640500 -1.1176661253
1510507171.148834500 -1.10958182812
1510507171.173519500 -1.10127389431
1510507171.198504500 -1.09298980236
1510507171.223588500 -1.08705461025
1510507171.248435500 -1.07794702053
1510507171.273331500 -1.06918656826
1510507171.298267500 -1.06260812283
1510507171.323344500 -1.05327785015
1510507171.348823500 -1.04367148876
1510507171.373138500 -1.03620326519
1510507171.398099500 -1.0297549963
1510507171.423028500 -1.02204024792
1510507171.448007500 -1.01285111904
1510507171.472923500 -1.00362384319
1510507171.497890500 -0.993163883686
1510507171.522842500 -0.983699142933
1510507171.548353500 -0.974271118641
1510507171.572744500 -0.965588390827
1510507171.598119500 -0.956017792225
1510507171.622737500 -0.947839558125
1510507171.647669500 -0.939200699329
1510507171.672657500 -0.930558502674
1510507171.697702500 -0.921047985554
1510507171.723056500 -0.912958443165
1510507171.747448500 -0.903344452381
1510507171.772399500 -0.895095169544
1510507171.797292500 -0.885691463947
1510507171.822349500 -0.875756561756
1510507171.847176500 -0.865022480488
1510507171.872136500 -0.856703579426
1510507171.897089500 -0.847017109394
1510507171.922033500 -0.836139023304
1510507171.946999500 -0.826678574085
1510507171.972048500 -0.815017521381
1510507171.997220500 -0.806257545948
1510507172.21846500 -0.79522973299
1510507172.46987500 -0.785246193409
1510507172.71711500 -0.775578320026
1510507172.96670500 -0.764378845692
1510507172.121618500 -0.753665268421
1510507172.146608500 -0.741212189198
1510507172.171541500 -0.729239761829
1510507172.198338500 -0.717280685902
1510507172.221525500 -0.702214062214
1510507172.247926500 -0.689617455006
1510507172.271841500 -0.677530109882
1510507172.296290500 -0.665289223194
1510507172.321298500 -0.653269588947
1510507172.346279500 -0.64194470644
1510507172.372592500 -0.628437817097
1510507172.396088500 -0.613935291767
1510507172.421070500 -0.59991723299
1510507172.446181500 -0.586097538471
1510507172.470970500 -0.571709930897
1510507172.496703500 -0.556779682636
1510507172.520849500 -0.544232189655
1510507172.545776500 -0.530011951923
1510507172.570752500 -0.51712590456
1510507172.595666500 -0.505725681782
1510507172.620615500 -0.497702896595
1510507172.646231500 -0.49364310503
1510507172.670504500 -0.492341339588
1510507172.695480500 -0.493588745594
1510507172.720576500 -0.494645893574
1510507172.745449500 -0.497499287128
1510507172.770336500 -0.499710857868
1510507172.795357500 -0.499546349049
1510507172.820362500 -0.502094566822
1510507172.846034500 -0.501351177692
1510507172.870138500 -0.501564323902
1510507172.895336500 -0.502973854542
1510507172.920458500 -0.503343403339
1510507172.944989500 -0.505174458027
1510507172.969892500 -0.504912674427
1510507172.995118500 -0.505982220173
1510507173.19872500 -0.503758728504
1510507173.44802500 -0.49751740694
1510507173.69713500 -0.483994305134
1510507173.94672500 -0.471435844898
1510507173.119767500 -0.454128563404
1510507173.145483500 -0.437588512897
1510507173.169672500 -0.420686066151
1510507173.194524500 -0.404625713825
1510507173.220508500 -0.387986004353
1510507173.245921500 -0.370642483234
1510507173.269487500 -0.353918373585
1510507173.294799500 -0.337143719196
1510507173.319254500 -0.32044249773
1510507173.344573500 -0.303306400776
1510507173.369173500 -0.286363422871
1510507173.394383500 -0.268179237843
1510507173.419144500 -0.250654518604
1510507173.444705500 -0.231758415699
1510507173.469804500 -0.214813053608
1510507173.493900500 -0.199721634388
1510507173.518969500 -0.183835804462
1510507173.543780500 -0.168494045734
1510507173.568997500 -0.153506100178
1510507173.593687500 -0.137057125568
1510507173.618609500 -0.123494930565
1510507173.643564500 -0.107658691704
1510507173.668509500 -0.094896145165
1510507173.693487500 -0.087692566216
1510507173.718450500 -0.0812681391835
1510507173.743460500 -0.0809119418263
1510507173.768380500 -0.0792334750295
1510507173.793243500 -0.0816910937428
1510507173.818397500 -0.0814793780446
1510507173.843169500 -0.0815919116139
1510507173.868506500 -0.0814240649343
1510507173.893079500 -0.0823672488332
1510507173.918152500 -0.0839737132192
1510507173.943205500 -0.0846670344472
1510507173.967896500 -0.0882256701589
1510507173.992850500 -0.0891493037343
1510507174.17846500 -0.0902994349599
1510507174.42896500 -0.0929473116994
1510507174.67706500 -0.0939391329885
1510507174.92649500 -0.0940201953053
1510507174.117601500 -0.0965240672231
1510507174.142634500 -0.0963566973805
1510507174.168115500 -0.0969894602895
1510507174.192472500 -0.0965879634023
1510507174.217480500 -0.0968969538808
1510507174.242404500 -0.0964821055532
1510507174.267321500 -0.0976122096181
1510507174.292291500 -0.097253151238
1510507174.317520500 -0.0949099734426
1510507174.342274500 -0.0941446498036
1510507174.367218500 -0.0946233943105
1510507174.393471500 -0.0953744128346
1510507174.417027500 -0.0957887843251
1510507174.442056500 -0.0944183543324
1510507174.467017500 -0.0963109210134
1510507174.491865500 -0.0970161631703
1510507174.516820500 -0.0987971499562
1510507174.541798500 -0.0997060015798
1510507174.566817500 -0.100220032036
1510507174.591679500 -0.10188228637
1510507174.617308500 -0.104865856469
1510507174.641791500 -0.107893772423
1510507174.666657500 -0.108806438744
1510507174.691466500 -0.111722774804
1510507174.716503500 -0.113565273583
1510507174.741896500 -0.116434402764
1510507174.766328500 -0.120243377984
1510507174.791329500 -0.123476810753
1510507174.816223500 -0.129714310169
1510507174.841279500 -0.131848156452
1510507174.868520500 -0.138982594013
1510507174.891063500 -0.140944302082
1510507174.916005500 -0.147449314594
1510507174.940948500 -0.151483356953
1510507174.965874500 -0.154486477375
1510507174.990826500 -0.15751773119
1510507175.15948500 -0.162157833576
1510507175.40737500 -0.165246784687
1510507175.65940500 -0.16746455431
1510507175.90783500 -0.172074139118
1510507175.116770500 -0.175965130329
1510507175.140531500 -0.179339706898
1510507175.165475500 -0.180230915546
1510507175.191057500 -0.183601200581
1510507175.215482500 -0.184319317341
1510507175.240624500 -0.185390293598
1510507175.265397500 -0.188895523548
1510507175.290230500 -0.187094032764
1510507175.315317500 -0.189826309681
1510507175.340257500 -0.190409958363
1510507175.365339500 -0.192019283772
1510507175.390179500 -0.192961990833
1510507175.414978500 -0.194936573505
1510507175.439913500 -0.194936096668
1510507175.464864500 -0.197000801563
1510507175.489950500 -0.19964581728
1510507175.514920500 -0.201725780964
1510507175.540372500 -0.203476250172
1510507175.564717500 -0.204912483692
1510507175.589790500 -0.208321392536
1510507175.614963500 -0.208601772785
1510507175.639562500 -0.21048527956
1510507175.664506500 -0.212012588978
1510507175.689513500 -0.213428795338
1510507175.715954500 -0.214677155018
1510507175.739357500 -0.216828167439
1510507175.764370500 -0.21726256609
1510507175.789424500 -0.217427551746
1510507175.816410500 -0.219531834126
1510507175.840340500 -0.219449818134
1510507175.864331500 -0.2203515172
1510507175.889253500 -0.220703423023
1510507175.916568500 -0.222644627094
1510507175.938968500 -0.222028553486
1510507175.964027500 -0.224108040333
1510507175.988867500 -0.224695026875
1510507176.13814500 -0.225326836109
1510507176.38991500 -0.226028740406
1510507176.63672500 -0.22578984499
1510507176.88605500 -0.227760136127
1510507176.113558500 -0.227618992329
1510507176.138532500 -0.227048695087
1510507176.163477500 -0.227525532246
1510507176.188457500 -0.228133499622
1510507176.213407500 -0.227769196033
1510507176.238621500 -0.228607475758
1510507176.263279500 -0.228769600391
1510507176.288279500 -0.227967083454
1510507176.313214500 -0.227737724781
1510507176.338150500 -0.22803145647
1510507176.363208500 -0.228934109211
1510507176.388145500 -0.228979408741
1510507176.413077500 -0.228549301624
1510507176.437939500 -0.229067623615
1510507176.462903500 -0.229047596455
1510507176.487946500 -0.229996502399
1510507176.512887500 -0.229178249836
1510507176.537833500 -0.229281246662
1510507176.563027500 -0.229946434498
1510507176.587866500 -0.229592621326
1510507176.612832500 -0.229309856892
1510507176.637530500 -0.229732811451
1510507176.662556500 -0.229096710682
1510507176.687782500 -0.228498756886
1510507176.712528500 -0.228882133961
1510507176.737455500 -0.228926956654
1510507176.762282500 -0.229918301105
1510507176.787217500 -0.228875935078
1510507176.812194500 -0.229628384113
1510507176.837255500 -0.229418575764
1510507176.862201500 -0.229721367359
1510507176.887365500 -0.22908526659
1510507176.911991500 -0.230294048786
1510507176.936938500 -0.229757606983
1510507176.961991500 -0.231331646442
1510507176.986835500 -0.231412231922
1510507177.11923500 -0.232421696186
1510507177.36750500 -0.233481228352
1510507177.62770500 -0.23599177599
1510507177.86964500 -0.237513363361
1510507177.111557500 -0.238949120045
1510507177.136530500 -0.241036236286
1510507177.161450500 -0.243089497089
1510507177.186626500 -0.246676266193
1510507177.211534500 -0.247111618519
1510507177.236453500 -0.249469578266
1510507177.261525500 -0.250341713428
1510507177.286260500 -0.252637684345
1510507177.311201500 -0.253062069416
1510507177.336278500 -0.253210365772
1510507177.361190500 -0.25466042757
1510507177.386279500 -0.255220711231
1510507177.410984500 -0.256346523762
1510507177.435955500 -0.256715118885
1510507177.460904500 -0.2572696805
1510507177.486276500 -0.257342636585
1510507177.510739500 -0.257891476154
1510507177.535803500 -0.259573757648
1510507177.560643500 -0.259280502796
1510507177.585763500 -0.259244263172
1510507177.610562500 -0.259567081928
1510507177.635494500 -0.259599983692
1510507177.660510500 -0.259523689747
1510507177.685501500 -0.259788811207
1510507177.710558500 -0.258658230305
1510507177.735432500 -0.258659183979
1510507177.760329500 -0.257797062397
1510507177.785252500 -0.25739222765
1510507177.810268500 -0.25788384676
1510507177.835269500 -0.255495369434
1510507177.860307500 -0.25679141283
1510507177.885408500 -0.256712257862
1510507177.910066500 -0.257076561451
1510507177.935087500 -0.2576187253
1510507177.961352500 -0.258301079273
1510507177.985109500 -0.259560883045
1510507178.10029500 -0.259846508503
1510507178.36653500 -0.260984241962
1510507178.59731500 -0.261268436909
1510507178.84697500 -0.262575447559
1510507178.109677500 -0.263900578022
1510507178.135284500 -0.264448940754
1510507178.159615500 -0.265513241291
1510507178.184670500 -0.265985310078
1510507178.209481500 -0.266496002674
1510507178.234554500 -0.268033802509
1510507178.259445500 -0.26813441515
1510507178.284409500 -0.267590343952
1510507178.309506500 -0.267513096333
1510507178.334319500 -0.26797991991
1510507178.363141500 -0.268840610981
1510507178.384368500 -0.269804775715
1510507178.409314500 -0.27024012804
1510507178.434009500 -0.270768940449
1510507178.458837500 -0.272359192371
1510507178.483797500 -0.272906601429
1510507178.510395500 -0.274432480335
1510507178.534280500 -0.275680840015
1510507178.559957500 -0.274730503559
1510507178.583632500 -0.275978386402
1510507178.611197500 -0.277573406696
1510507178.634062500 -0.279626190662
1510507178.658417500 -0.281434357166
1510507178.684990500 -0.282812416553
1510507178.708371500 -0.287084877491
1510507178.733767500 -0.284660160542
1510507178.758732500 -0.286107361317
1510507178.783183500 -0.285597145557
1510507178.808128500 -0.286991417408
1510507178.833075500 -0.283913910389
1510507178.858116500 -0.285209000111
1510507178.882983500 -0.283597290516
1510507178.907918500 -0.280413925648
1510507178.932879500 -0.278539955616
1510507178.957859500 -0.274298012257
1510507178.982797500 -0.272677719593
1510507179.8294500 -0.268534958363
1510507179.33012500 -0.265538036823
1510507179.57643500 -0.261907875538
1510507179.82586500 -0.25886374712
1510507179.107763500 -0.255144894123
1510507179.132511500 -0.249462902546
1510507179.157431500 -0.244367420673
1510507179.182433500 -0.241846382618
1510507179.207394500 -0.235972702503
1510507179.232496500 -0.232550442219
1510507179.257249500 -0.226275265217
1510507179.282840500 -0.220700085163
1510507179.307288500 -0.21568518877
1510507179.332072500 -0.210305035114
1510507179.357022500 -0.201525509357
1510507179.382115500 -0.196301281452
1510507179.408033500 -0.188625633717
1510507179.431928500 -0.181299984455
1510507179.456885500 -0.176703751087
1510507179.483258500 -0.167818844318
1510507179.506843500 -0.158426105976
1510507179.531733500 -0.15152913332
1510507179.557519500 -0.14375191927
1510507179.581721500 -0.135743439198
1510507179.606574500 -0.127880394459
1510507179.631623500 -0.119957275689
1510507179.656590500 -0.113450355828
1510507179.682753500 -0.104502506554
1510507179.706491500 -0.0973675921559
1510507179.731376500 -0.0892642214894
1510507179.756262500 -0.0813916400075
1510507179.781237500 -0.0733802989125
1510507179.806257500 -0.0673988536
1510507179.831139500 -0.0587700046599
1510507179.856081500 -0.0517285503447
1510507179.881102500 -0.041945759207
1510507179.906058500 -0.031390491873
1510507179.930885500 -0.0236132778227
1510507179.955956500 -0.0136511959136
1510507179.980797500 -0.00722295464948
1510507180.5852500 0.00228346325457
1510507180.30796500 0.00996420439333
1510507180.55991500 0.0162156652659
1510507180.80577500 0.0259784366935
1510507180.105549500 0.0345056280494
1510507180.130545500 0.0409541353583
1510507180.156883500 0.0492815636098
1510507180.180421500 0.0591520443559
1510507180.205414500 0.0685081258416
1510507180.231461500 0.075216345489
1510507180.255294500 0.0845866724849
1510507180.280179500 0.0945696160197
1510507180.305231500 0.101073034108
1510507180.330091500 0.110753104091
1510507180.356371500 0.117041923106
1510507180.380266500 0.126455083489
1510507180.404946500 0.134331166744
1510507180.430891500 0.143838047981
1510507180.454885500 0.151053518057
1510507180.480047500 0.159367948771
1510507180.504840500 0.167903915048
1510507180.529698500 0.173423677683
1510507180.557038500 0.182218343019
1510507180.579587500 0.190252825618
1510507180.604571500 0.199837490916
1510507180.629528500 0.207721412182
1510507180.654597500 0.213899180293
1510507180.679588500 0.221908986568
1510507180.704503500 0.230188533664
1510507180.729615500 0.238561153412
1510507180.755001500 0.24619448185
1510507180.779236500 0.253460049629
1510507180.806027500 0.262086749077
1510507180.829211500 0.267507821321
1510507180.854039500 0.277281522751
1510507180.879082500 0.283581584692
1510507180.903931500 0.29276740551
1510507180.928904500 0.30291312933
1510507180.953851500 0.311693489552
1510507180.978813500 0.318846344948
1510507181.3815500 0.326297610998
1510507181.28807500 0.333944797516
1510507181.55473500 0.341415524483
1510507181.78699500 0.349139869213
1510507181.103540500 0.357359886169
1510507181.129232500 0.364308297634
1510507181.153899500 0.373592555523
1510507181.178427500 0.382498383522
1510507181.204416500 0.390826910734
1510507181.228360500 0.397162616253
1510507181.253227500 0.405119150877
1510507181.278822500 0.413708508015
1510507181.303136500 0.420065969229
1510507181.328264500 0.42695504427
1510507181.353025500 0.437994986773
1510507181.378006500 0.445039123297
1510507181.402952500 0.450929164886
1510507181.427987500 0.459959387779
1510507181.452817500 0.466455101967
1510507181.477919500 0.474447846413
1510507181.503361500 0.481194496155
1510507181.529301500 0.489381313324
1510507181.552641500 0.497235059738
1510507181.577572500 0.504681706429
1510507181.602526500 0.51103758812
1510507181.627583500 0.518692135811
1510507181.653933500 0.527298867702
1510507181.677598500 0.531411290169
1510507181.702367500 0.539610922337
1510507181.727380500 0.546203494072
1510507181.752213500 0.554141044617
1510507181.777164500 0.562778353691
1510507181.802232500 0.569052875042
1510507181.827116500 0.57612913847
1510507181.855272500 0.583376765251
1510507181.876990500 0.591090738773
1510507181.901939500 0.598080277443
1510507181.926863500 0.606516599655
1510507181.951811500 0.613244652748
1510507181.976781500 0.621571660042
1510507182.1728500 0.625917732716
1510507182.26706500 0.637501716614
1510507182.51786500 0.645351946354
1510507182.76679500 0.650875210762
1510507182.101613500 0.65716022253
1510507182.126567500 0.665923416615
1510507182.151567500 0.673973977566
1510507182.176407500 0.681424260139
1510507182.201850500 0.68796890974
1510507182.226323500 0.696834266186
1510507182.251273500 0.704120755196
1510507182.276177500 0.708735108376
1510507182.301133500 0.716006457806
1510507182.326185500 0.727516651154
1510507182.351037500 0.735369563103
1510507182.376012500 0.74351644516
1510507182.401036500 0.749236822128
1510507182.425998500 0.758874356747
1510507182.450934500 0.76662749052
1510507182.475812500 0.774703145027
1510507182.500847500 0.782088577747
1510507182.526535500 0.787603378296
1510507182.551203500 0.795173346996
1510507182.575613500 0.80533182621
1510507182.600655500 0.813346803188
1510507182.625577500 0.820888221264
1510507182.651000500 0.827460467815
1510507182.675403500 0.835338532925
1510507182.700546500 0.844298422337
1510507182.725286500 0.850222408772
1510507182.750253500 0.859128475189
1510507182.775254500 0.86590719223
1510507182.800290500 0.874912798405
1510507182.825199500 0.883337497711
1510507182.850576500 0.88911408186
1510507182.875186500 0.897927641869
1510507182.900267500 0.904091596603
1510507182.924957500 0.911539971828
1510507182.949822500 0.918870747089
1510507182.974775500 0.926858842373
1510507182.999711500 0.934607625008
1510507183.24899500 0.944014787674
1510507183.49737500 0.951641023159
1510507183.74669500 0.958985447884
1510507183.99559500 0.964293003082
1510507183.124595500 0.97424530983
1510507183.149547500 0.980023980141
1510507183.174641500 0.989486098289
1510507183.199381500 0.994959831238
1510507183.224654500 1.00172793865
1510507183.249248500 1.00869739056
1510507183.274979500 1.0166053772
1510507183.299225500 1.02312135696
1510507183.324134500 1.02862298489
1510507183.348973500 1.03963339329
1510507183.373928500 1.04613983631
1510507183.398899500 1.05413806438
1510507183.423857500 1.06532895565
1510507183.449027500 1.07161641121
1510507183.473771500 1.08233201504
1510507183.498676500 1.08819174767
1510507183.523760500 1.09550702572
1510507183.548951500 1.1029330492
1510507183.573766500 1.11065471172
1510507183.598806500 1.11827480793
1510507183.623561500 1.12813949585
1510507183.648390500 1.13359475136
1510507183.673503500 1.14181041718
1510507183.698339500 1.14959585667
1510507183.723237500 1.15573990345
1510507183.748190500 1.16605389118
1510507183.773141500 1.17275762558
1510507183.798074500 1.18095541
1510507183.823041500 1.18768787384
1510507183.848163500 1.1963442564
1510507183.872933500 1.20257890224
1510507183.898207500 1.2111364603
1510507183.922869500 1.21730208397
1510507183.947808500 1.225014925
1510507183.972776500 1.23055541515
1510507183.998566500 1.23910689354
1510507184.22629500 1.24509394169
1510507184.47650500 1.25167322159
1510507184.72523500 1.25749397278
1510507184.97693500 1.2626901865
1510507184.122414500 1.26702606678
1510507184.147364500 1.27135670185
1510507184.172377500 1.27519798279
1510507184.197451500 1.28181052208
1510507184.222305500 1.28715467453
1510507184.247156500 1.29445254803
1510507184.272087500 1.2987319231
1510507184.298532500 1.30493628979
1510507184.322528500 1.31037282944
1510507184.346948500 1.31442427635
1510507184.372881500 1.32149624825
1510507184.396853500 1.32735228539
1510507184.421804500 1.3341255188
1510507184.446754500 1.34209811687
1510507184.471795500 1.35011696815
1510507184.496639500 1.35574173927
1510507184.521604500 1.36334967613
1510507184.546582500 1.37214112282
1510507184.571600500 1.37698125839
1510507184.596606500 1.3848335743
1510507184.621747500 1.39174878597
1510507184.646399500 1.39912235737
1510507184.671335500 1.40694367886
1510507184.696488500 1.41477620602
1510507184.721216500 1.42159175873
1510507184.746181500 1.42875790596
1510507184.771129500 1.43482196331
1510507184.796047500 1.44231128693
1510507184.821084500 1.4502146244
1510507184.845942500 1.45549416542
1510507184.870869500 1.46354818344
1510507184.895809500 1.47044730186
1510507184.920817500 1.47566282749
1510507184.945956500 1.48151743412
1510507184.971061500 1.48763525486
1510507184.995794500 1.49172699451
1510507185.20734500 1.49742746353
1510507185.45896500 1.50345826149
1510507185.70729500 1.5083616972
1510507185.95555500 1.51416242123
1510507185.120843500 1.52139759064
1510507185.145406500 1.52621817589
